72.074 0.5318217821782179 101
125.806 0.24947096774193545 155
151.054 0.07096319018404912 163
160.624 0.0783057851239669 121
176.215 0.10154255319148953 94
191.698 0.07398230088495587 113
209.295 0.07435199999999986 125
225.885 0.07201562499999992 128
242.537 0.08071929824561402 114
259.166 0.08182142857142846 112
275.883 0.08154867256637147 113
292.477 0.08541121495327059 107
309.109 0.09014851485148477 101
325.84 0.08819230769230739 104
342.379 0.08613333333333371 105
359.053 0.09522105263157886 95
375.655 0.0917142857142857 98
392.542 0.08006956521739104 115
408.997 0.09669892473118274 93
426.258 0.11548192771084313 83
442.405 0.0880194174757279 103
459.059 0.09148484848484865 99
475.776 0.08133035714285748 112
492.345 0.09007000000000005 100
509.078 0.09755913978494601 93
525.653 0.07745689655172426 116
542.275 0.09029292929292894 99
559.055 0.09531578947368369 95
575.686 0.07981415929203545 113
592.328 0.0936875000000003 96
609.051 0.09326804123711366 97
625.104 0.0887684210526315 95
641.437 0.07643396226415071 106
658.109 0.09008888888888957 90
674.838 0.0833775510204075 98
691.429 0.08894505494505425 91
708.082 0.08081000000000017 100
724.816 0.0905333333333336 90
741.435 0.08527368421052631 95
758.127 0.09556470588235216 85
774.815 0.08486458333333384 96
790.858 0.08452808988763945 89
808.199 0.07731132075471638 106
824.775 0.08103999999999928 100
841.423 0.08421875000000038 96
858.112 0.08815217391304363 92
874.745 0.08684946236559138 93
891.402 0.09064044943820233 89
908.139 0.09354022988505786 87
924.861 0.0900439560439556 91
941.418 0.08420833333333395 96
958.076 0.08071000000000027 100
974.839 0.07565740740740787 108
991.477 0.0814199999999994 100
1008.1 0.11094520547945269 73
1024.851 0.07115652173913135 115
1041.42 0.088857142857143 91
1058.136 0.0864999999999985 94
1074.82 0.07214159292035437 113
1091.44 0.0802574257425742 101
1108.561 0.08230769230769178 104
1125.209 0.0899052631578965 95
1141.882 0.08380392156862747 102
1158.489 0.10479012345679083 81
1175.26 0.06985365853658616 123
1191.846 0.09782758620689617 87
1208.531 0.08704081632653034 98
1225.091 0.08773958333333336 96
1241.775 0.10168674698795246 83
1258.55 0.08299999999999978 103
1275.142 0.10088095238095429 84
1291.854 0.09362637362637342 91
1308.534 0.08620202020202127 99
1325.225 0.0930217391304347 92
1341.903 0.09416483516483473 91
1358.515 0.095662921348316 89
1375.442 0.09334042553191611 94
1391.862 0.07751818181818222 110
1408.543 0.08457425742574175 101
1425.223 0.10064705882353016 85
1441.718 0.09863529411764722 85
1458.444 0.09818604651162745 86
1475.203 0.09924418604651258 86
1491.758 0.096816091954023 87
1508.486 0.09325274725274839 91
1525.186 0.09791954022988512 87
1542.107 0.07762831858407021 113
1558.532 0.0828252427184461 103
1575.157 0.10884615384615397 78
1591.911 0.0849207920792079 101
1608.404 0.08002857142857162 105
1625.195 0.08976842105263179 95
1641.804 0.08469000000000051 100
1658.485 0.092217391304347 92
1675.149 0.08928421052631548 95
1691.896 0.08561999999999897 100
1708.959 0.09429473684210614 95
1725.077 0.09777906976744309 86
1741.802 0.08142307692307546 104
1758.554 0.08639393939394051 99
1775.131 0.09300000000000212 91
1791.818 0.08836458333333279 96
1808.557 0.07570796460177047 113
1825.203 0.09925581395348905 86
1841.905 0.08836082474226714 97
1858.557 0.08305825242718508 103
1875.155 0.09755172413793195 87
1891.867 0.08448514851485052 101
1908.471 0.09964705882352973 85
1925.141 0.0891157894736855 95
1941.822 0.08006603773584767 106
1958.384 0.10610126582278559 79
1975.146 0.09317582417582464 91
1991.899 0.06906451612903106 124
2008.575 0.08574000000000069 100
2025.179 0.0877525773195894 97
2042.116 0.09341489361702074 94
2058.593 0.08260576923076822 104
2075.103 0.10163855421686926 83
2091.879 0.08060377358490442 106
2108.473 0.08916842105263162 95
2125.166 0.08016981132075517 106
2141.793 0.10441975308642079 81
2158.58 0.0841078431372522 102
2175.209 0.07908333333333067 108
2191.922 0.07736036036036026 111
2208.609 0.08784693877550942 98
2225.165 0.09656818181818236 88
2241.813 0.07850000000000061 108
2258.462 0.09614772727272483 88
2275.217 0.08066037735849228 106
2291.878 0.08807216494845485 97
2308.616 0.0906842105263135 95
2325.2 0.09586516853932245 89
2341.853 0.08269902912621388 103
2358.524 0.09265217391304226 92
2375.23 0.09109574468085214 94
2391.891 0.07708108108108144 111
2408.537 0.1016190476190429 84
2425.183 0.09155913978494487 93
2441.827 0.08846875000000409 96
2458.479 0.08232038834951276 103
2475.233 0.09624719101123885 89
2491.837 0.08675510204081584 98
2508.473 0.09967058823529121 85
2525.184 0.09677272727272813 88
2541.833 0.12140000000000067 70
2558.473 0.09739080459770065 87
2575.207 0.07834862385321067 109
2591.821 0.08659183673469262 98
2608.489 0.09869767441860267 86
2625.112 0.10053571428571624 84
2641.736 0.08843157894736674 95
2658.463 0.09197826086956509 92
2675.116 0.08620408163265168 98
2691.89 0.08470297029702809 101
2708.486 0.09124731182795566 93
2725.054 0.09317777777777742 90
2741.797 0.0940222222222221 90
2758.486 0.09642045454545083 88
2775.199 0.084475247524754 101
2791.838 0.09773563218390985 87
2808.4 0.11200000000000121 75
2825.121 0.09289010989010961 91
2841.838 0.07874074074074408 108
2858.574 0.08572999999999865 100
2875.175 0.08861458333333398 96
2891.895 0.0882474226804118 97
2908.457 0.10705063291139089 79
2925.194 0.08882291666666713 96
2941.767 0.09693103448275854 87
2958.576 0.10457317073170509 82
2975.228 0.08646464646464591 99
2991.763 0.08183495145631153 103
3008.616 0.07492173913043465 115
3025.129 0.08814583333333322 96
3041.917 0.08333009708737946 103
3058.52 0.08873958333333103 96
3075.227 0.07379310344827539 116
3091.903 0.09018947368420796 95
3108.464 0.0950898876404465 89
3125.129 0.11916901408450402 71
3141.773 0.09812790697674774 86
3158.575 0.08660606060605672 99
3175.21 0.08628282828282743 99
3191.856 0.09162365591398049 93
3208.554 0.08727551020408045 98
3225.13 0.08908421052631782 95
3241.815 0.09117204301075559 93
3258.532 0.09478888888888833 90
3275.116 0.08987234042553048 94
3291.8 0.0951235955056219 89
3308.542 0.08806185567010223 97
3325.147 0.0874123711340187 97
3341.89 0.08070754716980978 106
3358.54 0.10044705882352954 85
3375.148 0.09217391304347845 92
3391.873 0.08131428571428582 105
3408.481 0.10215662650602735 83
3425.137 0.08914736842105317 95
3441.699 0.0899354838709681 93
3458.488 0.1074303797468307 79
3475.087 0.09567045454545306 88
3491.833 0.09442222222222275 90
3508.532 0.08978947368421263 95
3525.137 0.10456790123457105 81
3541.933 0.08597999999999956 100
3558.53 0.09690909090909372 88
3575.14 0.09310989010988963 91
3591.845 0.08105714285714255 105
3608.583 0.07335042735042632 117
3625.232 0.08314563106795972 103
3641.884 0.08465346534653645 101
3658.157 0.08494791666666875 96
3675.104 0.09373333333332994 90
3691.81 0.08738144329897024 97
3707.732 0.0878409090909093 88
3725.164 0.09235869565217715 92
3741.883 0.1005647058823503 85
3758.532 0.09477777777778 90
3775.209 0.09596629213482823 89
3791.81 0.09855813953488503 86
3808.43 0.08688659793814313 97
3825.161 0.09231521739130367 92
3841.908 0.08165714285714351 105
3858.453 0.11576712328767153 73
3875.15 0.0865612244897977 98
3891.793 0.09951764705882692 85
3908.642 0.09192553191488959 94
3925.232 0.08314563106795972 103
3941.791 0.08717525773196011 97
3958.429 0.08512121212121349 99
3975.123 0.08994680851063752 94
3991.909 0.09421978021978097 91
4008.442 0.10550000000000068 80
4025.133 0.08910526315789148 95
4041.907 0.08403921568627565 102
4058.458 0.10066666666666822 84
4075.291 0.08800000000000256 98
4091.879 0.08060377358490442 106
4108.592 0.07809999999999491 110
4125.182 0.08962105263158025 95
4141.814 0.0892526315789502 95
4158.523 0.09682954545454239 88
4175.202 0.08621212121211974 99
4191.841 0.09050000000000549 94
4208.46 0.09094623655913579 93
4225.246 0.0772882882882858 111
4241.871 0.0836862745098045 102
4258.565 0.08919791666665826 96
4275.169 0.10242168674699041 83
4291.887 0.09944186046511255 86
4308.54 0.07624107142856928 112
4325.141 0.08826041666666622 96
4341.858 0.08878125000000144 96
4358.532 0.0958539325842691 89
4375.295 0.1027023809523858 84
4391.8 0.0872680412371149 97
4408.566 0.07857798165137247 109
4425.153 0.10101190476191169 84
4441.764 0.08429000000000088 100
4458.499 0.10363414634145844 82
4475.142 0.10461728395061926 81
4491.781 0.10299999999999894 82
4508.438 0.0878854166666656 96
4525.159 0.09435555555554755 90
4541.776 0.09076344086021294 93
4558.511 0.1013095238095264 84
4575.173 0.08859375000000114 96
4591.878 0.10952564102563674 78
4608.503 0.09661363636363066 88
4625.156 0.10882051282051645 78
4641.806 0.08644897959183422 98
4658.542 0.10415853658536789 82
4675.12 0.10434567901234847 81
4691.85 0.08266990291262453 103
4708.54 0.08803092783504907 97
4725.15 0.09862790697674385 86
4741.756 0.09679310344827904 87
4758.558 0.10068235294117639 85
4775.061 0.1011204819277112 83
4791.932 0.08347572815533938 103
4808.555 0.09101063829787544 94
4825.2 0.10533333333333522 81
4841.84 0.10501234567901621 81
4858.393 0.10110843373493765 83
4875.192 0.09367032967033342 91
4891.773 0.10045238095238217 84
4908.465 0.0854949494949489 99
4925.266 0.08348543689319661 103
4941.87 0.09080851063829849 94
4958.546 0.09091489361702422 94
4975.184 0.08111428571428406 105
4991.767 0.09805813953488364 86
5008.357 0.08986021505376313 93
5025.131 0.09727586206897296 87
5041.726 0.10234146341463202 82
5058.377 0.09854117647059063 85
5075.106 0.10417283950617409 81
5091.877 0.07766363636364158 110
5108.564 0.08156190476190767 105
5125.071 0.08663917525772723 97
5141.796 0.09196739130435043 92
5158.394 0.09430337078651718 89
5175.195 0.07681981981982021 111
5191.793 0.0881145833333316 96
5208.521 0.07676576576576334 111
5225.251 0.08499009900989933 101
5241.886 0.08816494845361432 97
5258.471 0.0910860215053715 93
5275.153 0.09866279069768119 86
5291.854 0.07472807017544064 114
5308.489 0.08321568627450367 102
5325.115 0.08619387755102159 98
5341.779 0.09179347826087629 92
5358.5 0.10623749999999746 80
5375.141 0.1008690476190471 84
5391.85 0.08778350515464255 97
5408.556 0.08820618556700603 97
5425.042 0.09515909090909892 88
5441.858 0.08697959183673819 98
5458.473 0.09627272727272446 88
5475.144 0.08739175257731817 97
5491.851 0.07471052631578794 114
5508.457 0.09720689655172798 87
5525.119 0.09495505617977552 89
5541.813 0.08075238095238352 105
5558.516 0.09788505747126001 87
5575.158 0.07788990825688707 109
5591.797 0.09615909090908561 88
5608.394 0.11043421052631618 76
5625.15 0.0997882352941173 85
5641.833 0.08583838383837972 99
5658.497 0.0976666666666701 87
5675.164 0.0824854368932048 103
5691.799 0.10077380952381125 84
5708.509 0.09894186046511645 86
5725.199 0.09076595744680047 94
5741.81 0.08475000000000364 100
5758.537 0.09179569892473399 93
5775.012 0.09702325581395409 86
5791.918 0.08499009900989933 101
5808.494 0.09035106382978174 94
5825.218 0.08066037735849228 106
5841.893 0.07851376146788984 109
5858.51 0.11051948051948335 77
5875.168 0.08415841584158416 101
5891.751 0.09050537634409 93
5908.552 0.09501111111110529 90
5925.205 0.07979439252336033 107
5941.766 0.09368888888888655 90
5958.549 0.08904166666666431 96
5975.124 0.0909247311827971 93
5991.856 0.08695918367346872 98
6008.541 0.09930232558139493 86
6025.141 0.09415555555554724 90
6041.842 0.08862499999999802 96
6058.46 0.08631632653061054 98
6075.217 0.07916666666665993 108
6091.865 0.1053086419753055 81
6108.492 0.09434444444444429 90
6125.473 0.0957065217391336 92
6141.823 0.09645454545454868 88
6158.554 0.07637500000000078 112
6175.221 0.09099999999999125 94
6191.76 0.07730275229358152 109
6208.59 0.09335869565217328 92
6225.048 0.1351612903225824 62
6241.813 0.07308620689655229 116
6258.415 0.09048387096774155 93
6275.194 0.08044339622641551 106
6291.819 0.08930526315789872 95
6308.424 0.1014939759036142 83
6325.113 0.09180434782608601 92
6341.81 0.1033536585365898 82
6358.44 0.10047619047618571 84
6375.154 0.10879487179488187 78
6391.859 0.08524000000000342 100
6408.485 0.10222891566264666 83
6425.112 0.09818604651163274 86
6445.459 0.13179347826086957 92
6459.27 0.0945816326530636 98
6475.192 0.08275728155340138 103
6491.819 0.11464864864865376 74
6508.689 0.09341935483871078 93
6525.184 0.09059574468085671 94
6541.852 0.08269902912621388 103
6558.731 0.09189473684210067 95
6575.035 0.11156000000000252 75
6591.804 0.08914736842105317 95
6608.594 0.07741441441441303 111
6625.187 0.07961682242990872 107
6641.856 0.09468888888888816 90
6658.633 0.09383695652173707 92
6675.177 0.1025180722891568 83
6691.738 0.0944269662921399 89
6708.505 0.08021698113207265 106
6725.231 0.09307608695652285 92
6741.865 0.08978947368420785 95
6758.474 0.09851162790697386 86
6775.375 0.08885714285713907 98
6791.697 0.1211884057971026 69
6808.531 0.08977894736841623 95
6825.132 0.08138461538461482 104
6841.865 0.09477777777777495 90
6858.747 0.10410714285714155 84
6875.095 0.10033333333333194 84
6892.01 0.08590099009901372 101
6908.42 0.09789534883720778 86
6925.104 0.10679746835442909 79
6942.169 0.08576699029126052 103
6958.486 0.09221739130434205 92
6975.176 0.08509000000000015 100
6991.787 0.08992553191489819 94
7008.5 0.09656818181817718 88
7025.209 0.09086170212766136 94
7041.817 0.09531460674157499 89
7058.546 0.08137142857142732 105
7075.135 0.09203260869565819 92
7092.281 0.08945999999999912 100
7108.457 0.09607954545454463 88
7125.16 0.09541573033708078 89
7141.86 0.10791139240505869 79
7158.541 0.09281521739130173 92
7175.261 0.09239784946237373 93
7192.22 0.09657608695652412 92
7208.512 0.08425742574256741 101
7225.177 0.09052127659574484 94
7241.967 0.10926582278480515 79
7258.479 0.08651020408163332 98
7275.13 0.09955294117647581 85
7291.805 0.08642857142857403 98
7308.479 0.1021445783132538 83
7325.36 0.11289610389609482 77
7341.819 0.09122580645161697 93
7358.506 0.09555056179775175 89
7375.156 0.08007547169811588 106
7391.786 0.09713793103448301 87
7408.438 0.10042857142856779 84
7425.188 0.08192307692308112 104
7441.844 0.09149462365591414 93
7458.499 0.09441111111110433 90
7475.182 0.0886875000000013 96
7491.787 0.08897894736842557 95
7508.514 0.08184615384615111 104
7525.173 0.1024698795180736 83
7542.109 0.08437500000000525 104
7558.562 0.09727272727272149 88
7575.134 0.09620454545454943 88
7591.838 0.10901282051281669 78
7608.544 0.07836697247705927 109
7625.189 0.09064893617021957 94
7641.823 0.09757471264368377 87
7658.474 0.10331707317072869 82
7675.167 0.09042553191489362 94
7691.833 0.09548314606741115 89
7708.49 0.0953707865168469 89
7725.216 0.07843119266055026 109
7741.855 0.12171428571427896 70
7758.44 0.10167469879517345 83
7775.108 0.0844000000000051 100
7792.233 0.08089090909091035 110
7808.488 0.0998352941176456 85
7825.202 0.08534999999999854 100
7841.799 0.09302197802197962 91
7858.499 0.0913655913978429 93
7875.282 0.08282692307692777 104
7891.815 0.09861627906976474 86
7908.533 0.09805747126436723 87
7925.148 0.1046913580246972 81
7941.847 0.07401739130434536 115
7958.625 0.09372826086956079 92
7975.075 0.08324752475246977 101
7991.741 0.09889411764705823 85
8008.495 0.10617499999999609 80
8025.218 0.08907291666666121 96
8041.884 0.0919354838709697 93
8058.837 0.11780000000000049 75
8075.133 0.08219417475727611 103
8091.772 0.07740366972476971 109
8108.521 0.08191346153845504 104
8125.119 0.09185869565217415 92
8141.757 0.09055913978494162 93
8158.516 0.1013571428571335 84
8175.131 0.09508988764045671 89
8191.869 0.08983157894736475 95
8208.411 0.11211999999999535 75
8225.19 0.0803962264151023 106
8241.955 0.07982407407406653 108
8258.541 0.07762727272726228 110
8275.278 0.06833333333333795 126
8291.915 0.08095283018868048 106
8308.509 0.09349450549450342 91
8325.195 0.09370329670329719 91
8341.839 0.09556179775279999 89
8358.522 0.0957303370786566 89
8375.096 0.106683544303796 79
8391.871 0.0836862745098045 102
8408.497 0.09438888888887757 90
8425.136 0.09306593406594461 91
8441.855 0.10024705882351555 85
8458.495 0.10889743589744355 78
8475.166 0.09881395348836736 86
8491.733 0.09880000000001232 85
8508.476 0.0873608247422697 97
8525.197 0.09804597701150178 87
8541.865 0.09373626373627093 91
8558.403 0.08845263157894998 95
8575.153 0.10348780487805836 82
8591.718 0.07983809523811077 105
8608.556 0.0950555555555588 90
8625.151 0.07376521739130587 115
8641.73 0.10114457831325827 83
8658.762 0.10071264367816811 87
8675.136 0.1085769230769354 78
8691.832 0.09766666666668054 87
8708.477 0.08392079207921355 101
8725.183 0.10260240963857158 83
8741.802 0.10201204819277775 83
8758.52 0.08192307692308112 104
8775.17 0.09773563218391507 87
8791.88 0.08719387755102115 98
8808.498 0.09442222222221769 90
8825.709 0.09935164835166019 91
8841.762 0.10945454545454394 77
8858.49 0.0832254901960743 102
8875.171 0.09888372093024203 86
8891.819 0.09324175824174465 91
8908.665 0.09959770114943532 87
8925.213 0.09601123595505699 89
8941.785 0.09825581395349683 86
8958.492 0.07862962962963138 108
8975.169 0.10242168674699041 83
8991.852 0.08871875000001712 96
9008.509 0.1037560975609733 82
9025.137 0.08066666666667775 105
9041.866 0.09173118279570816 93
9058.52 0.0957303370786566 89
9075.111 0.0959545454545605 88
9091.833 0.08671428571430012 98
9108.539 0.0853900000000067 100
9125.161 0.07651351351351705 111
9141.86 0.09687500000001653 88
9158.382 0.08730208333332712 96
9175.165 0.0999764705882519 85
9191.744 0.10382716049382536 81
9208.531 0.08446534653466196 101
9225.208 0.09816091954023992 87
9241.794 0.08904210526316571 95
9258.446 0.09936470588235191 85
9275.215 0.09092553191489873 94
9291.833 0.08852083333334804 96
9308.489 0.08841666666666015 96
9325.14 0.09413333333333058 90
9341.842 0.10374390243904179 82
9358.546 0.0829611650485444 103
9375.182 0.08963157894738144 95
9391.857 0.07748181818181117 110
9408.535 0.0853399999999965 100
9425.292 0.0805981308411196 107
9441.842 0.07877777777777603 108
9458.507 0.08100952380951813 105
9475.223 0.09613483146067972 89
9491.85 0.0860101010101135 99
9508.515 0.08868749999999181 96
9525.195 0.08528000000000248 100
9541.741 0.0934111111111027 90
9558.651 0.09611111111110707 90
9575.167 0.10240963855421686 83
9591.828 0.09332967032967465 91
9608.383 0.10223170731707086 82
9625.084 0.08766666666667788 96
9642.189 0.09624999999999526 92
9658.578 0.08842268041236408 97
9675.114 0.09936470588235191 85
9691.839 0.09555056179776196 89
9708.419 0.08956382978723265 94
9725.122 0.08453999999999723 100
9741.847 0.08686734693876541 98
9758.529 0.10274698795181021 83
9775.199 0.09272826086957454 92
9791.842 0.0810190476190612 105
9808.721 0.08897959183672802 98
9825.26 0.09653932584270285 89
9841.846 0.08958947368421497 95
9858.347 0.10178048780487255 82
9875.179 0.07880555555555946 108
9891.854 0.08434653465346766 101
9908.578 0.0772702702702641 111
9925.148 0.09747126436781108 87
9941.918 0.10340963855422336 83
9958.523 0.09796551724137044 87
9975.801 0.09042574257425555 101
9991.804 0.08555555555554895 99
10008.437 0.10414814814814438 81
10025.173 0.0867959183673594 98
10041.839 0.09046808510639165 94
10058.563 0.09842528735632301 87
10075.177 0.09248913043478277 92
10091.772 0.10044047619049663 84
10108.481 0.09218478260869312 92
10125.136 0.08729896907217274 97
10141.906 0.09119148936170336 94
10158.56 0.08733673469387028 98
10175.134 0.08727835051546752 97
10192.368 0.11291250000001582 80
10208.476 0.10865384615385082 78
10225.127 0.08904210526316571 95
10241.844 0.1001176470588047 85
10258.546 0.0939010989010997 91
10275.164 0.0894421052631706 95
10291.934 0.07817272727272873 110
10308.536 0.0927826086956528 92
10325.284 0.09265591397849665 93
10341.88 0.10550617283948713 81
10358.596 0.08509900990098361 101
10375.133 0.09201086956521898 92
10391.811 0.08923157894735739 95
10408.84 0.09404255319149091 94
10425.253 0.08334951456311598 103
10441.761 0.09060215053764833 93
10458.891 0.08716666666666295 102
10475.114 0.09081720430107433 93
10491.763 0.09160869565219242 92
10508.457 0.10983116883117318 77
10525.156 0.09431111111112436 90
10541.834 0.0794392523364486 107
10558.505 0.10370731707315849 82
10575.199 0.09375824175825344 91
10592.016 0.09138947368419874 95
10608.477 0.09523595505618615 89
10625.196 0.08614141414141664 99
10641.808 0.08558585858587651 99
10658.494 0.0965113636363681 88
10675.098 0.08264705882353227 102
10691.79 0.08372277227722902 101
10708.551 0.08814432989689971 97
10725.236 0.08083018867925586 106
10741.925 0.09336956521739288 92
10758.454 0.08626530612244616 98
10775.132 0.10077380952381125 84
10792.308 0.10082022471912107 89
10808.543 0.0959775280898816 89
10825.171 0.08858333333334183 96
10842.061 0.09695555555556186 90
10858.447 0.09936470588235191 85
10875.087 0.08679381443298834 97
10891.799 0.1071392405063514 79
10908.566 0.0892187500000053 96
10925.256 0.07467826086956295 115
10941.796 0.09098924731182295 93
10958.423 0.09570454545455091 88
10975.141 0.09739080459770065 87
10991.829 0.08942105263156823 95
11008.554 0.09831034482758487 87
11025.215 0.08462376237624238 101
11041.834 0.08332352941178055 102
11058.512 0.09896511627907467 86
11075.189 0.1002588235294217 85
11091.84 0.09245652173912396 92
11108.538 0.08537000000000262 100
11125.152 0.10739240506329593 79
11141.838 0.09447777777778457 90
11158.516 0.10259036144577612 83
11175.052 0.09114130434782845 92
11191.799 0.10321951219514343 82
11208.531 0.08201923076923706 104
11225.206 0.08209615384615833 104
11241.866 0.08885416666667349 96
11258.467 0.08300000000000342 102
11275.369 0.09355913978495625 93
11291.768 0.09268131868131084 91
11308.956 0.09949999999999919 90
11325.234 0.07787272727273375 110
11341.856 0.09682954545455273 88
11358.812 0.09682417582417246 91
11375.116 0.10830769230769641 78
11391.88 0.09494444444444525 90
11408.521 0.09466666666667152 90
11425.061 0.10900000000000037 77
11441.865 0.09191304347826229 92
11458.497 0.08581818181817359 99
11475.195 0.10151190476190528 84
11491.842 0.08592929292930733 99
11508.476 0.08737113402062231 97
11525.138 0.07990566037736947 106
11541.848 0.10015294117648035 85
11558.561 0.09617977528089315 89
11575.4 0.10648780487804843 82
11591.808 0.07633333333334932 111
11608.61 0.08523762376237998 101
11625.072 0.11512328767123906 73
11641.861 0.08974736842107009 95
11658.57 0.08568999999999505 100
11675.211 0.09186021505375984 93
11692.428 0.1021685393258512 89
11708.509 0.09051063829787033 94
11725.154 0.0815961538461614 104
11741.807 0.10207228915664544 83
11758.526 0.08880208333332955 96
11775.612 0.10775903614457236 83
11791.774 0.08700000000000314 97
11808.407 0.08848421052630567 95
11825.139 0.08470999999999548 100
11841.864 0.08529000000000451 100
11858.554 0.0822403846153835 104
11875.151 0.0865612244897977 98
11891.964 0.10033720930233506 86
11908.449 0.10057142857143238 84
11925.23 0.08826804123711235 97
11941.938 0.07820909090909978 110
11958.685 0.10590243902438155 82
11975.091 0.0809903846153912 104
11991.869 0.08620202020203505 99
12008.431 0.08968085106383289 94
12025.108 0.0897872340425586 94
12041.788 0.0939222222222371 90
12058.506 0.10246987951806265 83
12075.089 0.09570454545455091 88
12091.782 0.09181521739130562 92
12108.541 0.07362068965516426 116
12125.211 0.10418292682926421 82
12141.835 0.09883720930232558 86
12158.518 0.11206578947368191 76
12175.227 0.09204301075270226 93
12191.824 0.09538202247192581 89
12208.491 0.09434444444444429 90
12225.28 0.09065263157895778 95
12242.528 0.10446590909092182 88
12258.533 0.09479999999999159 90
12275.123 0.09499999999999918 89
12292.323 0.08025000000001066 112
12308.434 0.10541249999998854 80
12325.178 0.09054255319149385 94
12342.216 0.0925104166666794 96
12358.463 0.08378217821781717 101
12375.106 0.09272527472527585 91
12391.87 0.08622222222222281 99
12408.476 0.10727848101266284 79
12425.147 0.08832291666667895 96
12441.885 0.08300970873787468 103
12458.729 0.09187368421051743 95
12475.146 0.09525842696630309 89
12491.804 0.1085897435897352 78
12508.456 0.09831395348837124 86
12525.203 0.09591011235955121 89
12541.831 0.1011428571428691 84
12558.84 0.09020408163265455 98
12575.068 0.10769230769230302 78
12591.792 0.08373267326733004 101
12608.497 0.08849999999999152 96
12625.216 0.08812371134021324 97
12641.787 0.1043456790123597 81
12658.434 0.09371111111110318 90
12675.054 0.10354320987655094 81
12691.902 0.10078823529412843 85
12708.51 0.09454444444444461 90
12725.208 0.0845544554455532 101
12741.897 0.10703750000000127 80
12758.57 0.08400980392156378 102
12775.231 0.09307608695652285 92
12791.915 0.08331067961165176 103
12808.727 0.09090625000000803 96
12825.149 0.102192771084337 83
12841.933 0.0788899082568822 109
12858.738 0.0856568627450899 102
12875.151 0.09321978021978214 91
12892.068 0.08478640776699199 103
12908.548 0.0939230769230822 91
12925.341 0.08030555555556189 108
12942.039 0.08290476190476122 105
12958.523 0.0860909090909013 99
12975.231 0.10839240506329242 79
12991.841 0.11652054794522222 73
13008.44 0.09273626373626709 91
13025.004 0.092622222222235 90
13041.775 0.09813953488372686 86
13058.516 0.09461111111110464 90
13075.162 0.09652272727273405 88
13091.828 0.0913333333333202 93
13108.705 0.11305194805194711 77
13125.156 0.08162500000001344 104
13141.885 0.08637373737373208 99
13158.649 0.08648999999999432 100
13175.217 0.08300000000000862 103
13191.746 0.09450561797752874 89
13208.587 0.09647191011235202 89
13225.169 0.085878787878792 99
13241.823 0.11024675324674776 77
13258.507 0.09146236559139144 93
13275.143 0.11151315789474163 76
13291.821 0.0865918367347019 98
13308.528 0.08045283018868157 106
13325.078 0.1152054794520528 73
13341.809 0.09854651162789006 86
13358.522 0.10265060240964381 83
13375.169 0.08855208333333546 96
13391.791 0.08628571428571562 98
13408.47 0.08820833333332227 96
13425.174 0.08680612244899415 98
13441.796 0.09098924731182295 93
13458.54 0.09280434782609202 92
13475.072 0.10004761904762442 84
13491.834 0.09770114942528736 87
13508.524 0.08194230769229832 104
13525.186 0.09360439560439593 91
13541.784 0.08202912621359731 103
13558.502 0.10759493670886076 79
13575.204 0.10538271604938343 81
13591.756 0.09793023255812397 86
13608.516 0.08513999999999214 100
13625.195 0.07822935779816553 109
13641.842 0.09246739130436332 92
13658.48 0.0921521739130343 92
13675.155 0.08750515463918757 97
13691.841 0.10126190476191932 84
13708.496 0.0913333333333202 93
13725.166 0.08251456310679414 103
13741.767 0.10159036144579155 83
13758.482 0.08654081632652824 98
13775.147 0.0892631578947514 95
13791.853 0.09570786516853966 89
13808.537 0.09177419354838554 93
13825.205 0.09702272727273256 88
13841.87 0.09079787234044333 94
13858.443 0.09931764705881292 85
13875.153 0.08658163265306716 98
13891.821 0.10349999999998988 82
13908.414 0.08583673469388023 98
13925.352 0.09239361702129052 94
13941.92 0.08500000000000936 101
13958.5 0.08853124999999788 96
13975.128 0.09613636363637439 88
13991.789 0.0909032258064682 93
14008.978 0.0965161290322446 93
14025.183 0.09461111111112486 90
14041.844 0.10770886075949386 79
14058.517 0.09058510638297253 94
14075.115 0.10057142857143238 84
14091.878 0.09387912087913719 91
14108.453 0.10183132530119658 83
14125.161 0.09876744186047205 86
14141.815 0.09977647058823255 85
14158.549 0.09497777777778538 90
14175.204 0.0927934782608724 92
14191.818 0.08399009900990272 101
14208.735 0.09596703296703489 91
14225.186 0.08966315789473715 95
14241.809 0.09740229885057655 87
14258.553 0.0838333333333282 102
14275.176 0.08681632653061032 98
14291.913 0.08578000000001339 100
14308.49 0.09645454545453834 88
14325.175 0.09348351648351216 91
14341.801 0.10200000000000421 83
14358.721 0.09687777777776824 90
14375.166 0.07796330275228984 109
14391.761 0.09797674418606157 86
14408.589 0.09333695652173407 92
14425.205 0.08452475247525011 101
14441.749 0.08168932038835601 103
14458.581 0.09860919540229567 87
14475.203 0.08367647058823387 102
14491.876 0.08896875000001121 96
14508.422 0.09252747252747333 91
14525.193 0.08611111111110743 99
14541.847 0.08512000000000626 100
14558.531 0.09803448275862588 87
14575.224 0.08730612244898464 98
14591.903 0.08400000000001098 102
14608.471 0.08730927835050661 97
14625.212 0.09820689655172263 87
14641.832 0.09441111111112453 90
14658.565 0.07195798319327816 119
14675.145 0.09214130434783448 92
14691.988 0.10178823529411817 85
14708.467 0.09843023255814122 86
14725.213 0.07985981308411283 107
14741.79 0.10839743589745829 78
14758.615 0.09464835164834477 91
14775.154 0.09027659574468921 94
14791.996 0.10310714285714355 84
14808.542 0.08895833333332348 96
14825.322 0.10302380952381489 84
14841.993 0.08745454545455825 99
14858.539 0.0898631578947396 95
14875.434 0.08945918367346761 98
14891.858 0.09470000000001164 90
14908.427 0.10801282051281118 78
14925.259 0.08422549019608186 102
14941.849 0.09057446808511738 94
14958.453 0.09942352941175427 85
14975.203 0.08367647058823387 102
14991.827 0.08755670103091313 97
15008.532 0.07971962616821342 107
15025.15 0.11015584415584377 77
15042.061 0.07932727272727788 110
15058.493 0.11027272727272708 77
15075.13 0.08907368421052142 95
15091.807 0.08146153846155357 104
15108.576 0.07391379310343711 116
15125.103 0.09477528089887068 89
15141.827 0.09760919540230102 87
15158.568 0.08740816326529484 98
15175.15 0.0975057471264388 87
15191.889 0.07776363636363716 110
15209.039 0.09221428571428839 98
15225.178 0.10506172839506442 81
15241.943 0.07897247706422178 109
15258.621 0.08533663366335423 101
15275.199 0.08446534653466196 101
15291.845 0.09455555555555797 90
15308.531 0.10661250000000563 80
15325.173 0.09047872340426616 94
15341.776 0.08979787234043311 94
15358.452 0.08449999999998908 100
15375.422 0.09835955056180691 89
15391.774 0.09929411764704342 85
15408.44 0.09698850574712761 87
15425.401 0.09004123711340596 97
15441.905 0.08320388349516046 103
15458.471 0.07841666666665871 108
15475.23 0.08736734693877447 98
15491.773 0.08192233009708837 103
15508.518 0.0868979591836696 98
15525.146 0.10597500000001218 80
15541.841 0.09245652173914372 92
15558.766 0.09526086956520885 92
15575.171 0.09774712643679098 87
15591.811 0.12284057971015315 69
15608.681 0.0904166666666697 96
15625.215 0.0854700000000048 100
15642.107 0.10083908045976125 87
15658.571 0.09314130434782071 92
15675.209 0.08292233009709783 103
15691.895 0.0930434782608838 92
15708.685 0.08861224489795191 98
15725.154 0.10348780487805836 82
15741.81 0.09970588235294546 85
15758.52 0.09360439560439593 91
15775.166 0.08250485436892808 103
15791.857 0.09468888888889827 90
15808.493 0.10108333333333316 84
15825.186 0.08873958333333576 96
15841.731 0.10115662650603181 83
15858.628 0.12322857142857434 70
15875.116 0.08283333333333846 102
15891.91 0.09027368421051697 95
15908.509 0.09147311827956567 93
15925.177 0.09350549450549467 91
15942.135 0.10603614457830694 83
15958.479 0.09116129032257157 93
15975.204 0.08452475247525011 101
15991.799 0.10993506493506683 77
16008.561 0.09303260869564442 92
16025.196 0.10274698795181021 83
16041.836 0.10626250000000255 80
16058.455 0.08714432989690227 97
16075.213 0.09090425531914971 94
16091.895 0.08000000000001224 107
16108.471 0.09515730337077687 89
16125.235 0.07859633027523777 109
16141.818 0.09751724137929378 87
16158.773 0.10198837209300955 86
16175.149 0.09977647058823255 85
16191.828 0.10357317073171211 82
16208.512 0.09251086956522198 92
16225.179 0.09353846153846841 91
16241.85 0.10018823529411319 85
16258.539 0.0813047619047644 105
16275.148 0.10599999999999454 80
16291.731 0.08745833333334001 96
16308.508 0.08954736842104849 95
16325.156 0.09537078651686734 89
16341.849 0.09460000000001148 90
16358.503 0.10001176470588476 85
16375.127 0.08294117647059751 102
16391.834 0.07869444444444255 108
16408.567 0.09310869565216189 92
16425.207 0.0948777777777448 90
16441.897 0.08737755102042777 98
16458.431 0.09688505747126537 87
16475.071 0.09885882352939328 85
16491.772 0.09697701149427261 87
16508.565 0.09013684210524509 95
16525.215 0.08812371134019448 97
16541.885 0.09607865168538737 89
16558.478 0.09315384615383464 91
16575.148 0.08926315789473224 95
16591.848 0.0818557692307947 104
16608.503 0.08417821782178621 101
16625.259 0.09044210526312542 95
16641.904 0.08655555555555056 99
16658.489 0.10226506024097823 83
16675.383 0.08629702970297376 101
16691.767 0.0958295454545557 88
16708.9 0.07944642857143792 112
16725.141 0.09520224719099031 89
16741.794 0.10987012987016578 77
16758.503 0.08335294117647458 102
16775.131 0.08816666666666606 96
16791.98 0.0960555555555604 90
16808.413 0.08087500000000056 104
16825.136 0.08641836734691145 98
16841.913 0.07269491525424863 118
16858.532 0.10402439024388824 82
16875.199 0.09694318181817091 88
16891.808 0.09740229885059747 87
16908.505 0.09046808510639165 94
16925.335 0.08414563106793828 103
16941.812 0.07997169811323199 106
16958.494 0.11322666666664494 75
16975.465 0.08540776699027826 103
16991.795 0.10574999999998909 80
17008.453 0.09713793103449346 87
17025.172 0.08590909090906446 99
17041.862 0.09370329670331717 91
17058.523 0.08115238095238705 105
17075.164 0.08496999999999388 100
17091.904 0.07861467889907803 109
17108.552 0.08815463917525233 97
17125.138 0.08731958762884047 97
17141.971 0.07850909090911128 110
17158.494 0.08408910891087697 101
17175.189 0.07963551401866358 107
17191.948 0.07555263157895784 114
17208.471 0.07842592592593671 108
17225.608 0.0893999999999869 100
17241.78 0.09936470588235191 85
17258.528 0.09168817204299166 93
17275.442 0.08687128712868925 101
17291.84 0.10125000000001212 84
17308.674 0.10576829268291299 82
17325.136 0.08301960784310901 102
17341.797 0.0972643678160866 87
17358.749 0.09209473684210312 95
17375.188 0.09363736263732969 91
17391.907 0.09318478260869913 92
17408.558 0.09302173913044459 92
17425.137 0.09106451612900347 93
17441.83 0.09544943820227662 89
17458.526 0.08788659793815934 97
17475.159 0.08844791666664757 96
17491.763 0.1015421686746974 83
17508.509 0.10128571428569037 84
17525.174 0.09665909090906345 88
17541.793 0.09834883720932974 86
17558.472 0.08304901960785654 102
17575.194 0.08044339622639834 106
17591.851 0.08690816326530434 98
17608.532 0.08705102040815346 98
17625.305 0.10282142857141437 84
17641.757 0.0935888888889167 90
17658.544 0.0813619047619189 105
17675.27 0.0915212765957357 94
17691.98 0.0864600000000064 100
17708.53 0.08792783505153229 97
17725.102 0.08694845360822132 97
17742.011 0.11123076923076251 78
17758.452 0.09391111111112373 90
17775.181 0.09673863636362512 88
17791.863 0.08444554455447792 101
17808.545 0.09389010989008846 91
17825.45 0.09342553191488556 94
17841.814 0.10598749999999199 80
17858.504 0.09887209302326293 86
17875.233 0.08315533980581252 103
17891.965 0.09084210526316862 95
17908.496 0.09037234042552107 94
17925.249 0.0866868686868537 99
17941.843 0.08771134020620237 97
17958.519 0.07815596330275443 109
17975.282 0.0836310679611433 103
17991.826 0.11474324324326762 74
18008.453 0.0871340206185684 97
18025.173 0.09889534883717885 86
18041.942 0.14344999999999952 60
18058.486 0.10101190476191169 84
18075.158 0.0913010752687975 93
18091.895 0.08561000000001513 100
18108.481 0.10871794871794312 78
18125.225 0.07923148148145426 108
18141.811 0.09742528735634927 87
18158.448 0.09938823529412141 85
18175.07 0.09133695652172205 92
18191.824 0.09227173913044996 92
18208.477 0.083098039215674 102
18225.223 0.07777272727272992 110
18241.765 0.08969148936170739 94
18258.486 0.09223913043479115 92
18275.109 0.10420987654319622 81
18291.848 0.0860000000000288 99
18308.421 0.10145783132528262 83
18325.127 0.09194565217390134 92
18342.198 0.10187356321840452 87
18358.452 0.0928681318681421 91
18375.079 0.0966896551724168 87
18391.814 0.08312745098038588 102
18408.457 0.09292307692305837 91
18425.093 0.0868659793814379 97
18441.803 0.09106451612904258 93
18458.548 0.08721428571427205 98
18475.317 0.08825510204079197 98
18491.896 0.10314457831327124 83
18507.978 0.0896292134831343 89
18525.147 0.09860465116278562 86
18541.828 0.09436666666669125 90
18558.527 0.0819807692307502 104
18575.068 0.0976860465116049 86
18591.743 0.09343333333332945 90
18608.411 0.08761458333333394 96
18625.203 0.0927826086956528 92
18641.919 0.11294736842108632 76
18658.558 0.07441739130435567 115
18675.473 0.09172916666667182 96
18691.772 0.08976595744682894 94
18708.462 0.07691818181817574 110
18725.213 0.08297087378639278 103
18741.899 0.08397058823531695 102
18758.484 0.0942555555555575 90
18775.065 0.11347297297293521 74
18791.803 0.08553535353536118 99
18808.471 0.0996470588235431 85
18825.227 0.08075471698111011 106
18841.86 0.09166666666668231 93
18858.411 0.10011904761904589 84
18875.151 0.0778256880733961 109
18891.83 0.1035975609756417 82
18908.37 0.10868831168829582 77
18925.116 0.105600000000004 80
18941.848 0.07467543859651446 114
18958.613 0.07901834862386416 109
18975.135 0.09845348837205715 86
18991.805 0.08643877551021804 98
19008.425 0.10273170731706181 82
19025.279 0.08970833333330575 96
19041.856 0.07540707964602336 113
19058.455 0.09947058823531466 85
19075.415 0.10054022988505044 87
19091.86 0.10029411764707594 85
19108.463 0.1007380952380897 84
19125.162 0.09653409090907933 88
19142.085 0.08928571428571429 98
19158.516 0.09255434782608063 92
19175.11 0.09379999999998997 90
19191.777 0.09703448275861032 87
19208.536 0.07830275229357665 109
19225.133 0.08817708333333485 96
19241.854 0.07815596330275443 109
19258.484 0.0942555555555575 90
19275.116 0.09824418604651772 86
19291.976 0.07580701754385812 114
19308.452 0.08204854368932943 103
19325.201 0.09922093023255171 86
19341.857 0.09163440860215961 93
19358.554 0.08225000000000084 104
19375.095 0.09798837209301953 86
19391.853 0.07538053097345158 113
19408.425 0.08595918367345988 98
19425.149 0.08233980582524046 103
19441.874 0.09084042553192201 94
19458.792 0.10853086419754415 81
19475.122 0.08993617021274367 94
19491.812 0.09316483516486587 91
19508.462 0.09725287356321069 87
19525.142 0.1145135135134911 74
19542.035 0.09355913978495625 93
19558.491 0.10108333333335481 84
19575.096 0.09262637362637459 91
19591.815 0.08834374999999757 96
19608.511 0.0895789473684042 95
19625.357 0.09052083333331969 96
19641.87 0.08287378640776756 103
19658.53 0.09804597701148088 87
19675.253 0.0867171717171629 99
19691.889 0.09198924731183108 93
19708.936 0.12764285714287585 70
19725.223 0.0881958762886628 97
19741.796 0.09725287356321069 87
19758.545 0.08718367346936785 98
19775.169 0.09342857142857591 91
19791.912 0.07798181818183035 110
19808.622 0.07766666666665932 111
19825.106 0.08273529411763222 102
19842.055 0.10506024096386944 83
19858.528 0.08975789473682341 95
19875.156 0.09328571428568966 91
19891.816 0.09529213483145806 89
19908.494 0.09036170212764658 94
19925.152 0.07575892857140129 112
19941.798 0.10197590361445713 83
19958.541 0.08373529411765762 102
19975.122 0.08806249999997817 96
19991.886 0.09194623655913416 93
20008.652 0.08828571428569618 98
20025.23 0.08477227722770375 101
20041.786 0.12249275362320486 69
20058.546 0.09289130434780932 92
20075.119 0.10306097560972309 82
20091.797 0.098406976744183 86
20108.503 0.09141935483871406 93
20125.277 0.08199047619044515 105
20141.9 0.09734090909093786 88
20158.51 0.0895789473684042 95
20175.241 0.0801214953271058 107
20191.824 0.084900000000016 100
20208.43 0.09916470588235397 85
20225.192 0.07543362831856296 113
20241.816 0.08927368421052387 95
20258.496 0.10753164556960736 79
20275.123 0.10312195121949161 82
20291.855 0.09363736263736967 91
20309.009 0.10475581395346739 86
20325.25 0.10217857142855619 84
20341.861 0.08881250000001728 96
20358.433 0.09475280898877418 89
20375.148 0.09021276595744217 94
20391.766 0.08874736842105783 95
20408.544 0.09387912087913719 91
20425.153 0.10102380952377557 84
20441.734 0.08935106382980054 94
20458.526 0.08525000000001455 100
20475.22 0.08551999999999679 100
20491.84 0.0895263157894844 95
20508.499 0.09548314606741115 89
20525.216 0.07988785046727911 107
20541.878 0.08376470588236949 102
20558.553 0.08909374999999879 96
20575.183 0.0886979166666606 96
20591.77 0.08880000000001594 95
20609.023 0.09301030927835921 97
20625.113 0.09820930232558038 86
20641.838 0.08337254901961583 102
20658.513 0.10508641975307169 81
20675.248 0.08845360824740318 97
20691.818 0.0942555555555575 90
20708.508 0.08259223300972258 103
20725.212 0.09389010989008846 91
20742.232 0.10111363636364827 88
20758.579 0.09325000000001676 92
20775.116 0.09600000000000364 88
20791.85 0.09255434782608063 92
20808.471 0.09411111111112405 90
20825.38 0.10249411764705335 85
20841.823 0.07859259259260364 108
20858.471 0.09625000000001323 88
20875.074 0.0944494382022364 89
20891.825 0.08936842105264843 95
20908.503 0.078722222222226 108
20925.148 0.08397029702970067 101
20941.802 0.07767889908257387 109
20958.784 0.08782999999999447 100
20975.167 0.09768965517241145 87
20991.774 0.10046428571431101 84
21008.448 0.08281372549019722 102
21025.241 0.08323300970874097 103
21041.898 0.08737755102042777 98
21058.494 0.0987674418604509 86
21075.234 0.07717117117116121 111
21091.86 0.08611111111112581 99
21108.528 0.08199038461536755 104
21125.553 0.09452127659572765 94
21141.838 0.09046808510639165 94
21158.534 0.0927608695652136 92
21175.399 0.09288297872340177 94
21191.887 0.08817525773195756 97
21208.975 0.08712621359221691 103
21225.174 0.09347252747250093 91
21241.776 0.09702298850577623 87
21258.574 0.07723423423423711 111
21275.206 0.09702272727269122 88
21291.858 0.08524000000001251 100
21308.514 0.11824999999998909 72
21325.165 0.09236956521738687 92
21342.02 0.08271428571429819 105
21358.471 0.092065217391317 92
21375.179 0.09055319148934901 94
21391.908 0.0801214953271058 107
21408.511 0.09456666666665114 90
21425.159 0.09032978723402305 94
21441.804 0.09306593406594461 91
21458.506 0.09245652173914372 92
21475.103 0.10678481012655539 79
21491.903 0.08083962264150477 106
21508.398 0.10240243902440054 82
21525.145 0.11612328767121853 73
21541.811 0.08923157894739568 95
21558.83 0.10510714285716122 84
21575.199 0.07755454545453673 110
21591.751 0.08954255319150299 94
21608.535 0.08890624999999848 96
21625.113 0.08890526315789382 95
21641.833 0.1062249999999949 80
21658.49 0.09432222222223774 90
21675.111 0.0927802197802121 91
21691.833 0.09137634408601712 93
21708.412 0.09045161290322862 93
21725.227 0.10313253012045387 83
21741.835 0.09140860215053982 93
21758.541 0.08805154639176369 97
21775.133 0.09511235955056344 89
21791.821 0.094300000000011 90
21808.449 0.08282352941176785 102
21825.106 0.08611224489794374 98
21841.796 0.10318292682926013 82
21858.784 0.08782999999999447 100
21875.213 0.07912962962961535 108
21892.032 0.09154736842105386 95
21908.543 0.09285869565219004 92
21925.168 0.10493827160493827 81
21941.968 0.09282795698926484 93
21958.637 0.07710714285713038 112
21975.253 0.09538888888887918 90
21991.85 0.08430693069306354 101
22008.498 0.08944210526315147 95
22025.389 0.0863564356435439 101
22041.867 0.083647058823522 102
22058.516 0.10385365853658075 82
22075.313 0.11083333333329229 78
22091.799 0.08725773195876228 97
22108.509 0.08681632653059175 98
22125.272 0.09057894736841646 95
22141.781 0.09282417582417711 91
22158.664 0.08021296296296727 108
22175.18 0.09353846153844843 91
22191.802 0.1175972222222299 72
22208.524 0.0887916666666797 96
22225.243 0.09026315789470621 95
22241.858 0.08275728155341021 103
22258.444 0.09381111111110335 90
22275.803 0.10623255813951864 86
22291.88 0.10681250000002365 80
22308.461 0.0846099999999933 100
22325.418 0.09210526315789473 95
22341.856 0.09364835164836093 91
22358.533 0.0870612244897882 98
22375.185 0.08603030303030126 99
22391.842 0.1012738095238265 84
22408.717 0.0947391304347864 92
22425.18 0.10133333333331913 84
22441.775 0.08356435643566662 101
22458.566 0.0815714285714161 105
22475.13 0.09507865168538802 89
22491.743 0.09891764705881702 85
22508.458 0.10313414634144531 82
22525.076 0.10643037974682844 79
22541.811 0.08072380952383225 105
22558.505 0.08505000000001019 100
22575.72 0.10777380952380813 84
22591.88 0.09090425531916906 94
22608.439 0.10417283950615164 81
22625.194 0.07822018348622038 109
22641.848 0.08429702970299853 101
22658.598 0.07411206896553078 116
22675.359 0.0886938775510112 98
22691.815 0.09747126436781108 87
22709.012 0.09485263157893266 95
22725.15 0.09220652173913234 92
22741.711 0.09204395604395828 91
22758.452 0.07898130841122365 107
22775.147 0.10340243902438244 82
22791.727 0.09537500000000033 88
22808.545 0.08061320754715334 106
22825.231 0.09621348314604812 89
22841.845 0.08683673469389834 98
22858.462 0.08135576923076279 104
22875.39 0.09181052631576772 95
22891.919 0.09538888888891961 90
22908.53 0.08704081632651874 98
22925.126 0.0854343434343305 99
22941.81 0.08308823529413904 102
22958.52 0.0860505050505074 99
22975.285 0.08976041666664969 96
22991.843 0.1037682926829492 82
23008.454 0.10185542168676558 83
23025.146 0.089242105263149 95
23041.786 0.11902816901409763 71
23058.739 0.07342857142858146 119
23075.163 0.08329411764705083 102
23091.907 0.07937037037037145 108
23108.587 0.08762244897958708 98
23125.199 0.09695454545453686 88
23142.222 0.09555913978497252 93
23158.508 0.08771134020620237 97
23175.133 0.09731034482759023 87
23191.819 0.08931578947369034 95
23208.479 0.089242105263149 95
23225.63 0.09534042553190994 94
23241.757 0.10270731707319877 82
23258.532 0.09478888888887822 90
23275.143 0.08829166666665363 96
23291.822 0.08082857142858085 105
23308.512 0.08775257731957532 97
23325.063 0.10762820512816408 78
23341.99 0.10183529411767855 85
23358.728 0.09917045454544264 88
23375.092 0.09911764705881497 85
23391.799 0.08817708333333485 96
23408.439 0.10959740259738295 77
23425.086 0.0935333333333094 90
23441.957 0.09474725274724603 91
23458.488 0.09028723404256372 94
23475.242 0.08406862745095185 102
23491.784 0.09285714285715085 91
23508.508 0.08422772277229135 101
23525.177 0.09052127659572548 94
23541.73 0.08836842105263618 95
23558.406 0.09038709677418322 93
23575.396 0.0969777777777684 90
23591.868 0.10941025641025193 78
23608.58 0.09640449438204209 89
23625.113 0.08704123711343237 97
23641.809 0.09415555555557754 90
23658.447 0.0898510638297863 94
23675.138 0.09624999999997189 88
23691.877 0.07984112149534098 107
23708.532 0.08202884615383692 104
23725.184 0.09568539325842272 89
23742.171 0.0883599999999933 100
23758.512 0.09352747252745718 91
23775.229 0.08000934579437267 107
23791.712 0.10472500000000765 80
23808.486 0.0865918367347019 98
23825.4 0.09596703296703489 91
23841.815 0.11159210526315483 76
23858.549 0.07842201834861344 109
23875.209 0.08628282828280447 99
23891.816 0.09638636363636331 88
23908.38 0.09207692307693204 91
23925.123 0.10439506172837422 81
23941.804 0.09625000000001323 88
23958.544 0.09088297872342005 94
23975.206 0.08802061855666833 97
23991.797 0.0769272727272685 110
24008.461 0.08999999999999071 94
24025.126 0.07980188679244267 106
24041.83 0.10234939759039301 83
24058.57 0.08400980392156378 102
24075.106 0.08976595744679024 94
24091.755 0.10023809523811776 84
24108.468 0.08639795918367911 98
24125.23 0.08918749999997999 96
24141.779 0.09818604651162216 86
24158.541 0.08989473684211445 95
24175.181 0.08961052631577905 95
24191.824 0.09227173913044996 92
24208.537 0.07903703703703757 108
24225.152 0.07377391304344992 115
24241.821 0.0815961538461614 104
24258.517 0.09358241758241342 91
24275.373 0.07704424778759568 113
24291.987 0.09303225806453616 93
24308.475 0.09112903225804887 93
24325.086 0.10655696202528919 79
24341.856 0.09065957446809408 94
24358.54 0.0918279569892567 93
24375.24 0.09967441860465252 86
24391.774 0.08700000000002191 97
24408.526 0.08973684210527848 95
24425.12 0.0939111111110833 90
24441.843 0.10251807228917871 83
24458.508 0.09558426966293737 89
24475.119 0.09714942528732755 87
24491.827 0.08846875000002304 96
24509.043 0.08695192307693735 104
24525.251 0.08174285714284495 105
24541.873 0.10165476190476988 84
24558.798 0.09459139784944796 93
24575.262 0.08952083333330545 96
24591.857 0.09365934065935218 91
24608.538 0.08131428571429015 105
24625.14 0.09520224719099031 89
24641.807 0.10208433734941898 83
24658.566 0.08922916666665515 96
24675.079 0.11067105263157971 76
24691.863 0.09169892473120501 93
24708.502 0.08674489795918575 98
24725.142 0.09522471910110725 89
24741.786 0.11119736842106488 76
24758.451 0.09941176470589091 85
24775.078 0.096666666666665 87
24791.743 0.08944680851063241 94
24808.423 0.12760606060604032 66
24825.229 0.08076415094337619 106
24841.801 0.08467000000000553 100
24858.585 0.1114805194805055 77
24875.125 0.0783055555555418 108
24891.794 0.09194565217394088 92
24908.525 0.08356862745099267 102
24925.19 0.08273786407764278 103
24942.053 0.09177894736843116 95
24958.54 0.08371568627451637 102
24975.223 0.09612359550562125 89
24991.851 0.09156989247311421 93
25008.574 0.08243269230769538 104
25025.672 0.12334246575338599 73
25041.865 0.08530000000002474 100
25058.576 0.0912340425532014 94
25075.103 0.08973404255316672 94
25091.783 0.07895327102804038 107
25108.502 0.08586868686868893 99
25125.119 0.09087096774190638 93
25141.765 0.09163043478261186 92
25158.442 0.08979787234041377 94
25175.15 0.09121505376344274 93
25192.365 0.10261363636366448 88
25208.503 0.10368292682927326 82
25225.175 0.09667045454542941 88
25241.878 0.10952564102566005 78
25258.478 0.0921413043478147 92
25275.049 0.09633333333330557 87
25291.809 0.10088095238097594 84
25308.411 0.08581632653061076 98
25325.293 0.08626000000000204 100
25342.018 0.07822522522523336 111
25358.584 0.09130851063828425 94
25375.222 0.08304854368932124 103
25391.819 0.10876923076923561 78
25408.491 0.10108333333335481 84
25425.138 0.11001298701295753 77
25441.858 0.07748181818182771 110
25458.482 0.10471604938271568 81
25475.074 0.0866701030927757 97
25491.932 0.07745945945947545 111
25508.561 0.08647474747476276 99
25525.223 0.09401098901099221 91
25541.887 0.0822403846153835 104
25558.54 0.08211538461539301 104
25575.215 0.08812371134019448 97
25591.779 0.09079569892472586 93
25608.5 0.09768965517241145 87
25625.315 0.12011111111107514 72
25641.859 0.08880208333334849 96
25658.533 0.08707142857142293 98
25675.1 0.10409876543206248 81
25691.764 0.09688505747126537 87
25708.45 0.08989361702128433 94
25725.087 0.10022619047616727 84
25741.816 0.08567676767676738 99
25758.53 0.08977894736840665 95
25775.129 0.09614772727271967 88
25791.798 0.08548484848484583 99
25808.465 0.10323170731707494 82
25825.128 0.09505617977527109 89
25841.755 0.08863157894738834 95
25858.536 0.10160714285714112 84
25875.148 0.08479999999999563 100
25891.8 0.08550505050505197 99
25908.499 0.09549438202246963 89
25925.18 0.09565168539324731 89
25941.831 0.1180138888888804 72
25958.331 0.10037349397588327 83
25975.162 0.09036170212764658 94
25991.754 0.09677011494254814 87
26008.405 0.08663917525771786 97
26025.251 0.08253846153845118 104
26041.87 0.08536000000000059 100
26058.553 0.10182142857142719 84
26075.161 0.09543820224717728 89
26091.958 0.08982291666666242 96
26108.519 0.08519000000000233 100
26125.153 0.09866279069763889 86
26141.795 0.09195652173912094 92
26158.435 0.08607142857144194 98
26175.268 0.08113207547168438 106
26191.776 0.10293902439027477 82
26208.464 0.08138461538461482 104
26225.328 0.087474747474746 99
26241.815 0.09021276595744217 94
26258.468 0.09407777777778392 90
26275.187 0.08434653465346766 101
26291.804 0.08730927835052536 97
26308.477 0.08392079207919553 101
26325.094 0.10532499999999345 80
26341.845 0.08596969696971961 99
26358.43 0.0936666666666699 90
26375.147 0.0831372549019565 102
26391.87 0.09380219780219844 91
26408.512 0.08597979797978593 99
26425.162 0.09036170212764658 94
26441.87 0.08287378640776756 103
26458.462 0.0854646464646397 99
26475.073 0.09888235294116278 85
26491.765 0.09473033707865725 89
26508.498 0.08249514563106203 103
26525.664 0.08734951456310086 103
26541.911 0.07657142857143688 112
26558.542 0.09385714285715469 91
26575.215 0.09093617021275388 94
26591.899 0.081561904761925 105
26608.456 0.09292307692305837 91
26625.155 0.1074430379746526 79
26641.798 0.08060952380952326 105
26658.791 0.0915625000000091 96
26675.143 0.08828124999998484 96
26691.748 0.11849295774648543 71
26708.399 0.09029032258065424 93
26725.192 0.10524691358021997 81
26741.782 0.09282417582417711 91
26758.53 0.09371428571426844 91
26775.184 0.10139285714285506 84
26791.9 0.08829896907218895 97
26808.432 0.10035714285714632 84
26825.236 0.08567999999999301 100
26841.852 0.08871874999999818 96
26858.397 0.08231372549020236 102
26875.122 0.09498876404492028 89
26891.862 0.09689772727274844 88
26908.582 0.09127659574466072 94
26925.189 0.08273786407764278 103
26941.859 0.0869897959183822 98
26958.578 0.08933333333334303 96
26975.091 0.07799074074073023 108
26991.86 0.0869897959183822 98
27008.453 0.10306097560976746 82
27025.148 0.09119354838709427 93
27041.843 0.08862500000001698 96
27058.464 0.10987012987011853 77
27075.133 0.0872680412371149 97
27091.782 0.08533333333333656 99
27108.523 0.09468888888889827 90
27125.632 0.11204999999999928 80
27141.861 0.1039878048780715 82
27158.622 0.08056074766354188 107
27175.2 0.07355172413792452 116
27191.837 0.08675510204082049 98
27209.021 0.08843137254902389 102
27225.195 0.08526999999998225 100
27241.842 0.09348351648353216 91
27258.792 0.10590361445784184 83
27275.159 0.09034042553189756 94
27291.974 0.08228571428570874 105
27308.517 0.09567415730336425 89
27325.19 0.09575280898873265 89
27341.849 0.10016470588234369 85
27358.558 0.09006315789474205 95
27375.172 0.09663636363633156 88
27391.777 0.08441999999999097 100
27408.516 0.08348039215685704 102
27425.292 0.07247899159663866 119
27441.896 0.0873571428571583 98
27458.443 0.08440999999998894 100
27475.351 0.08860204081629862 98
27491.904 0.07934259259258801 108
27508.505 0.10003529411765424 85
27525.133 0.07911214953271165 107
27541.866 0.08794845360827502 97
27558.749 0.10290588235293399 85
27575.874 0.097936170212748 94
27592.023 0.08776767676769823 99
27608.497 0.08169230769229986 104
27625.149 0.09319780219779963 91
27642.137 0.09673626373626246 91
27658.443 0.10686075949365946 79
27675.084 0.08502020202017821 99
27691.826 0.10887179487182062 78
27708.467 0.10077380952381125 84
27725.322 0.10302380952379324 84
27741.792 0.10067857142859707 84
27758.461 0.09504494382021261 89
27775.369 0.11156410256407047 78
27791.748 0.10516250000000582 80
27808.894 0.11855999999999767 75
27825.223 0.0950555555555588 90
27841.845 0.0826310679611868 103
27858.816 0.0958043478260705 92
27875.097 0.09470786516854031 89
27891.96 0.08373786407766991 103
27908.495 0.1023253012048021 83
27925.128 0.09296703296702337 91
27942.117 0.11116455696201574 79
27958.564 0.08478217821780479 101
27975.202 0.09698863636363471 88
27991.876 0.08897916666668 96
28008.479 0.1021325301204693 83
28025.059 0.10757692307691823 78
28041.864 0.09270652173915511 92
28058.601 0.08430392156861119 102
28075.324 0.09512087912086857 91
28091.743 0.08163106796115968 103
28108.504 0.09044680851064263 94
28125.198 0.09804597701148088 87
28141.837 0.07730000000000556 110
28158.504 0.10627500000000509 80
28175.088 0.08019999999998531 105
28191.83 0.10234939759039301 83
28208.453 0.0880312500000097 96
28225.135 0.09201086956521898 92
28242.238 0.09892222222224518 90
28258.535 0.08448514851484601 101
28275.792 0.10992771084337104 83
28291.784 0.10179518072289788 83
28308.509 0.08179807692305566 104
28325.2 0.10158333333332675 84
28341.773 0.0937555555555769 90
28358.435 0.08349504950495942 101
28375.516 0.09029591836733002 98
28391.705 0.09620689655175424 87
28408.525 0.08878125000001091 96
28425.119 0.1030731707316768 82
28441.83 0.0745175438596721 114
28458.549 0.08462376237622436 101
28475.218 0.11103896103895158 77
28491.891 0.08071698113208015 106
28508.505 0.0924239130434849 92
28525.141 0.08306862745096213 102
28541.888 0.09611235955056278 89
28558.577 0.09527777777778586 90
28575.128 0.0939999999999903 90
28591.815 0.09422222222221738 90
28608.448 0.08890526315789382 95
28625.223 0.10308433734940355 83
28641.823 0.08842708333334788 96
28658.541 0.09281521739131163 92
28675.139 0.09108602150535193 93
28691.747 0.09451685393258721 89
28708.438 0.0927142857142646 91
28725.278 0.08968749999996817 96
28741.685 0.10844155844158679 77
28758.516 0.08032075471697372 106
28775.171 0.09143010752684917 93
28791.783 0.08533333333333656 99
28808.457 0.08899999999998008 95
28825.065 0.10366666666663217 81
28841.808 0.09013829787235932 94
28858.476 0.09630681818180165 88
28875.129 0.09097849462364872 93
28891.71 0.1060126582278481 79
28908.44 0.09480898876402565 89
28925.616 0.08603846153846462 104
28941.96 0.08802040816326738 98
28958.503 0.09043617021276812 94
28975.152 0.09426666666663044 90
28991.879 0.08719387755103972 98
29008.637 0.09702247191009437 89
29025.176 0.08682653061222649 98
29041.79 0.10312195121953598 82
29058.448 0.09180434782608601 92
29075.183 0.09255434782608063 92
29091.782 0.10302439024390635 82
29108.47 0.09008510638298678 94
29125.186 0.08433663366336662 101
29142.188 0.09033673469386894 98
29158.529 0.0861313131312952 99
29175.191 0.09264130434779794 92
29191.847 0.09055319148938772 94
29208.502 0.0988488372093047 86
29225.409 0.10791358024689095 81
29241.829 0.08942105263160652 95
29258.438 0.09809302325578925 86
29275.23 0.0984137931034262 87
29291.772 0.09588636363638546 88
29308.526 0.11070129870131495 77
29325.184 0.08870833333332939 96
29341.833 0.0933846153846109 91
29358.502 0.10365853658536585 82
29375.199 0.08531999999999243 100
29392.019 0.11578666666668141 75
29408.453 0.08990425531915884 94
29425.111 0.09487640449437647 89
29441.816 0.10471604938271568 81
29458.505 0.09887209302326293 86
29475.136 0.08913684210523283 95
29491.801 0.08300000000000342 102
29508.423 0.10146987951805615 83
29525.193 0.08197115384613286 104
29541.887 0.08223076923076615 104
29558.561 0.08074528301887836 106
29575.228 0.07853211009172176 109
29591.943 0.0782636363636398 110
29608.516 0.07957009345793659 107
29625.358 0.06789062499998977 128
29641.86 0.0957977528090074 89
29658.483 0.10470370370370083 81
29675.059 0.10898701298701072 77
29691.788 0.10566250000001673 80
29708.472 0.09107526881721682 93
29725.15 0.0865612244897977 98
29741.83 0.09877906976747232 86
29758.432 0.10672151898734804 79
29775.135 0.08300980392153838 102
29791.935 0.0819047619047827 105
29808.498 0.08329411764705083 102
29825.329 0.08019444444444498 108
29841.772 0.11102631578949895 76
29858.503 0.09886046511628381 86
29875.337 0.08584158415839856 101
29891.82 0.08748453608248233 97
29908.977 0.09972222222220606 90
29925.179 0.1025542168674555 83
29941.991 0.0816698113207819 106
29958.676 0.10327380952380086 84
29975.115 0.1082948717948733 78
29991.804 0.10328048780488976 82
30008.53 0.08443564356434087 101
