57.831 0.5408082191780822 73
111.67 0.28980000000000006 135
136.857 0.08737499999999998 128
146.26 0.09126470588235291 102
159.189 0.12250666666666651 75
175.775 0.09293877551020413 98
193.248 0.10013131313131296 99
209.022 0.09202040816326532 98
225.942 0.08065217391304352 115
242.481 0.09627368421052618 95
259.543 0.10842045454545451 88
276.218 0.10611111111111124 90
292.538 0.08849038461538491 104
309.717 0.08164705882352948 119
325.819 0.09057425742574282 101
342.325 0.09269072164948439 97
359.59 0.09686868686868662 99
376.063 0.10676136363636343 88
392.519 0.0820089285714286 112
409.06 0.0846728971962617 107
426.273 0.08500000000000016 113
443.627 0.10395959595959627 99
458.914 0.08737254901960763 102
475.533 0.10308139534883731 86
492.304 0.08008035714285709 112
508.944 0.08130000000000037 110
525.668 0.0782608695652174 115
542.16 0.10760975609756043 82
558.861 0.10069318181818171 88
575.541 0.09055102040816351 98
592.252 0.09008080808080815 99
608.763 0.09030927835051537 97
624.777 0.0881413043478265 92
641.387 0.10066249999999996 80
658.117 0.09328735632183892 87
674.742 0.11213888888888827 72
691.383 0.08562765957446906 94
708.139 0.08566315789473719 95
724.83 0.07287500000000031 112
741.465 0.08838043478260962 92
758.119 0.0943953488372099 86
774.038 0.08007608695652133 92
791.433 0.08803260869565267 92
808.084 0.09510588235294054 85
824.783 0.08634042553191473 94
841.405 0.09277011494252904 87
858.118 0.08822826086956603 92
874.776 0.08625531914893561 94
891.407 0.0840416666666665 96
908.1 0.07430275229357841 109
924.778 0.08186868686868705 99
941.439 0.08710752688172042 93
958.155 0.08235353535353555 99
974.727 0.09949382716049344 81
991.402 0.08400000000000081 96
1008.057 0.10457142857142884 77
1024.773 0.08443749999999876 96
1041.397 0.10073749999999962 80
1058.121 0.08119000000000141 100
1074.674 0.09308139534883583 86
1091.43 0.0770666666666676 105
1108.513 0.09783908045976947 87
1125.15 0.0975057471264388 87
1141.73 0.1134594594594589 74
1158.554 0.08639393939394051 99
1175.135 0.08729896907216572 97
1191.849 0.07811009174311831 109
1208.436 0.09069892473118221 93
1225.215 0.0982528735632184 87
1241.855 0.09362637362637342 91
1258.494 0.10889743589743481 78
1275.146 0.11940845070422627 71
1291.807 0.09851162790697651 86
1308.476 0.09855813953488503 86
1325.093 0.10150602409638773 83
1341.9 0.10196428571428637 84
1358.424 0.12208695652173882 69
1375.16 0.08578787878788045 99
1391.883 0.08635353535353513 99
1408.472 0.09207608695652178 92
1425.153 0.08838541666666799 96
1441.868 0.099220930232557 86
1458.508 0.1000823529411772 85
1475.125 0.07977358490565947 106
1491.958 0.08623000000000047 100
1508.438 0.09927058823529532 85
1525.101 0.10951948051948338 77
1541.902 0.09736363636363618 88
1558.54 0.08454455445544543 101
1575.099 0.10157831325301253 83
1591.903 0.11273684210526294 76
1608.468 0.09514606741573117 89
1625.132 0.09200000000000184 92
1641.866 0.09919767441860405 86
1658.574 0.10205952380952492 84
1675.2 0.08284466019417601 103
1691.882 0.08903125000000027 96
1708.518 0.1013809523809533 84
1725.191 0.09367032967033093 91
1741.824 0.09127956989247347 93
1758.426 0.09573863636363585 88
1775.244 0.08751020408163288 98
1791.805 0.09848837209302358 86
1808.512 0.10506172839506162 81
1825.228 0.09953488372093224 86
1841.896 0.0972954545454534 88
1858.545 0.08992631578947495 95
1875.098 0.10035714285714362 84
1891.822 0.0932747252747234 91
1908.46 0.09193478260869656 92
1925.253 0.09867816091954065 87
1941.849 0.09676136363636219 88
1958.536 0.09078723404255432 94
1975.201 0.09481111111111254 90
1991.803 0.09623863636363694 88
2008.505 0.10498765432098929 81
2025.248 0.08580000000000154 100
2041.926 0.08766326530612137 98
2058.567 0.08652525252525053 99
2075.128 0.0846100000000024 100
2091.829 0.10891025641026084 78
2108.417 0.10789743589743221 78
2125.211 0.10292771084336946 83
2141.78 0.09489887640449851 89
2158.542 0.07909259259259181 108
2175.154 0.09027659574467954 94
2191.809 0.11005194805195014 77
2208.468 0.10453086419752647 81
2225.234 0.10575308641975066 81
2241.854 0.09573033707865149 89
2258.525 0.09912790697674524 86
2275.089 0.10937662337662371 77
2291.805 0.10858974358974102 78
2308.496 0.08329411764705975 102
2325.203 0.09079787234042398 94
2341.771 0.09809302325581569 86
2358.534 0.11081818181818054 77
2375.187 0.09905813953488114 86
2391.825 0.08843749999999773 96
2408.487 0.09754022988505605 87
2425.175 0.08861458333333398 96
2441.867 0.08532000000000153 100
2458.522 0.10391463414633818 82
2475.198 0.09693181818181529 88
2491.801 0.10853846153846018 78
2508.565 0.09732954545454607 88
2525.252 0.10098823529411567 85
2541.864 0.1003411764705882 85
2558.482 0.09749425287356288 87
2574.274 0.09163855421686466 83
2591.815 0.07639639639639656 111
2608.52 0.09680681818181566 88
2625.234 0.08565999999999803 100
2641.827 0.09760919540230102 87
2658.451 0.0960227272727252 88
2675.173 0.10767088607594757 79
2691.891 0.09723863636363914 88
2708.597 0.09343478260869569 92
2725.172 0.09047872340425649 94
2741.895 0.07853211009174262 109
2758.548 0.11246052631578382 76
2775.225 0.08913541666666447 96
2791.835 0.10897435897435898 78
2808.558 0.08913541666666447 96
2825.257 0.094395604395606 91
2841.954 0.08287500000000136 104
2858.54 0.08454455445544316 101
2875.178 0.09455555555555292 90
2891.85 0.08779381443299047 97
2908.472 0.10084523809523814 84
2925.252 0.08254807692307728 104
2941.87 0.08890624999999848 96
2958.546 0.09710227272726839 88
2975.186 0.09790804597701183 87
2991.864 0.09583146067415726 89
3008.546 0.08544999999999618 100
3025.14 0.10459259259258954 81
3041.783 0.10972727272727363 77
3058.712 0.10623170731707056 82
3075.155 0.10477777777777876 81
3091.846 0.10379268292682887 82
3108.464 0.09956470588234986 85
3125.269 0.09248387096773826 93
3141.874 0.09181720430107268 93
3158.525 0.10028235294117514 85
3175.202 0.09483333333333677 90
3191.886 0.09096808510638224 94
3208.491 0.11025974025973742 77
3225.225 0.08390196078431365 102
3241.815 0.09976470588235316 85
3258.584 0.10342168674698593 83
3275.244 0.09321739130434806 92
3291.777 0.11256000000000009 75
3308.526 0.08881249999999834 96
3325.203 0.10409756097561046 82
3341.852 0.09359340659340468 91
3358.503 0.0934285714285709 91
3375.163 0.10114285714285827 84
3391.844 0.11346666666666957 75
3408.516 0.08962105263158025 95
3425.245 0.10090588235293849 85
3441.921 0.09539999999999761 90
3458.454 0.10565000000000282 80
3475.151 0.09024468085106085 94
3491.771 0.12051428571428785 70
3508.496 0.09544943820224597 89
3525.122 0.11123684210525953 76
3541.788 0.08288235294117823 102
3558.724 0.11328571428571371 77
3575.134 0.0940666666666655 90
3591.846 0.11502702702702934 74
3608.502 0.09771264367815803 87
3625.134 0.10451851851851722 81
3641.925 0.08765306122449128 98
3658.512 0.1001294117647055 85
3675.19 0.09575280898876332 89
3691.917 0.09034736842105351 95
3708.509 0.1134266666666675 75
3725.324 0.07593859649122942 114
3741.891 0.10309638554217161 83
3758.51 0.103768292682927 82
3775.149 0.09319780219779963 91
3791.826 0.0999058823529434 85
3808.54 0.1028674698795182 83
3825.108 0.10820512820512891 78
3841.844 0.10129761904761922 84
3858.538 0.09080851063829849 94
3875.168 0.08673469387755102 98
3891.794 0.09722988505746934 87
3908.504 0.09446666666666614 90
3925.175 0.09558426966292205 89
3941.841 0.09147311827957055 93
3958.569 0.10572839506172656 81
3975.181 0.0905744680851077 94
3991.968 0.0814433962264133 106
4008.491 0.09539325842696383 89
4025.207 0.11235526315789157 76
4041.834 0.10492592592592341 81
4058.531 0.09074468085106112 94
4075.141 0.10208433734939706 83
4091.777 0.09593181818181827 88
4108.521 0.09362637362636843 91
4125.235 0.09017894736842112 95
4141.931 0.08034579439252106 107
4158.611 0.09062105263157336 95
4175.225 0.09103191489362446 94
4191.866 0.08887500000000159 96
4208.527 0.10029411764705454 85
4225.182 0.08514000000000124 100
4241.847 0.11201315789473579 76
4258.383 0.09524999999999553 88
4275.109 0.09378888888889682 90
4291.932 0.07541228070175221 114
4308.561 0.09304347826086402 92
4325.152 0.09642045454545083 88
4341.904 0.09965116279070486 86
4358.432 0.09918823529411276 85
4375.208 0.08989473684210487 95
4391.834 0.125 68
4408.546 0.09601123595505699 89
4425.274 0.10125882352941143 85
4441.876 0.08897916666667054 96
4458.542 0.0981264367816122 87
4475.276 0.0906105263157913 95
4491.858 0.0979770114942568 87
4508.548 0.08904166666666431 96
4525.192 0.09367032967033342 91
4541.866 0.08981052631579108 95
4558.554 0.09610112359550431 89
4575.16 0.09131182795699128 93
4591.794 0.09724137931034525 87
4608.517 0.10019999999999794 85
4625.149 0.09529213483146828 89
4641.866 0.10403658536585304 82
4658.482 0.11307999999999689 75
4675.196 0.08976842105263419 95
4691.754 0.10525000000000091 80
4708.521 0.08352941176470124 102
4725.232 0.09623595505617528 89
4741.891 0.09614606741572797 89
4758.53 0.09803448275861543 87
4775.214 0.08995789473684501 95
4791.794 0.10070238095237896 84
4808.518 0.09570786516853966 89
4825.132 0.10993506493505502 77
4841.855 0.08192307692307238 104
4858.568 0.0848217821782179 101
4875.109 0.10050000000000009 84
4891.829 0.08410891089108803 101
4908.498 0.09442222222221769 90
4925.115 0.09710344827585529 87
4941.867 0.09806896551724313 87
4958.497 0.09654545454545561 88
4975.236 0.08743877551019903 98
4991.846 0.0925108695652121 92
5008.503 0.08418811881187824 101
5025.192 0.10147619047619455 84
5041.733 0.0965287356321855 87
5058.523 0.10027058823529575 85
5075.055 0.09424719101123506 89
5091.851 0.09359340659340468 91
5108.514 0.11055844155844052 77
5125.292 0.08373786407766991 103
5141.927 0.09045263157894576 95
5158.538 0.09593258426965794 89
5175.178 0.11658904109588374 73
5191.812 0.09418888888888735 90
5208.549 0.08634343434343207 99
5225.149 0.09638636363636331 88
5241.86 0.09368131868131468 91
5258.493 0.10231325301205048 83
5275.15 0.1146351351351252 74
5291.851 0.09256521739130023 92
5308.595 0.10743750000000318 80
5325.137 0.09306593406593462 91
5341.822 0.09537078651685713 89
5358.402 0.09656321839080276 87
5375.219 0.08466336633663749 101
5391.878 0.10292771084336946 83
5408.731 0.0839423076923035 104
5425.177 0.09150537634407858 93
5441.853 0.0851800000000003 100
5458.584 0.07732432432432099 111
5475.268 0.08269230769231119 104
5491.832 0.08413861386139111 101
5508.585 0.09035789473684035 95
5525.266 0.08773469387755058 98
5541.863 0.08361764705882795 102
5558.47 0.10998701298701365 77
5575.128 0.10575000000000045 80
5591.845 0.12701492537313758 67
5608.443 0.09077419354838717 93
5625.257 0.09041052631578886 95
5641.799 0.09957647058823461 85
5658.554 0.08303883495145518 103
5675.081 0.09561363636363364 88
5691.845 0.08957894736842335 95
5708.503 0.08335294117646566 102
5725.165 0.0999764705882305 85
5741.914 0.08329126213591964 103
5758.544 0.10292771084336946 83
5775.206 0.0981379310344881 87
5791.884 0.09292391304347802 92
5808.579 0.09126595744680557 94
5825.21 0.105469135802465 81
5841.953 0.08207619047619422 105
5858.516 0.08779381443298578 97
5875.254 0.09983720930232837 86
5891.845 0.0886458333333356 96
5908.547 0.0756283185840652 113
5925.264 0.10482926829268852 82
5941.818 0.0975172413793147 87
5958.454 0.08625510204081142 98
5975.23 0.10441463414634022 82
5991.873 0.07762727272727055 110
6008.639 0.08553465346534776 101
6025.071 0.10503750000000309 80
6041.796 0.09401111111111378 90
6058.575 0.11282894736841866 76
6075.184 0.09678409090908892 88
6091.983 0.08082242990654334 107
6108.475 0.0847400000000016 100
6125.199 0.11374666666666598 75
6141.903 0.07934259259259643 108
6158.581 0.08331067961165176 103
6175.288 0.10261904761904632 84
6191.848 0.08777319587628994 97
6208.475 0.10593750000000454 80
6225.164 0.09879069767441971 86
6241.84 0.08339215686274816 102
6258.553 0.10825316455695798 79
6275.189 0.09163440860214983 93
6291.885 0.09941860465116491 86
6308.492 0.09873255813953472 86
6325.237 0.09963953488372575 86
6341.793 0.09193478260869162 92
6358.483 0.08928421052631548 95
6375.209 0.07908333333333488 108
6391.838 0.09555056179775175 89
6408.563 0.09013684210526424 95
6429.498 0.13945652173912965 92
6442.678 0.10497752808988592 89
6459.092 0.11223456790122766 81
6475.798 0.10617441860464423 86
6492.574 0.1038089887640402 89
6509.203 0.1122317073170784 82
6525.736 0.10795238095238346 84
6542.455 0.10364772727272835 88
6559.074 0.1463548387096712 62
6575.967 0.09299999999999273 100
6592.426 0.09277551020408728 98
6609.144 0.102730337078652 89
6625.93 0.10647126436781518 87
6642.462 0.09220202020202638 99
6659.237 0.08967961165048621 103
6675.913 0.08640186915887749 107
6692.53 0.08137168141592663 113
6709.192 0.09283838383838186 99
6725.928 0.09851063829787467 94
6742.647 0.09502040816326426 98
6759.182 0.10315730337078186 89
6775.72 0.1090722891566251 83
6792.472 0.10041758241758154 91
6809.091 0.12282432432432354 74
6825.894 0.11116867469879352 83
6842.267 0.11028395061728385 81
6859.02 0.10998780487805163 82
6875.847 0.10087912087911409 91
6892.397 0.10788095238095116 84
6909.05 0.10053333333333082 90
6926.226 0.12098734177215181 79
6942.377 0.10393103448276289 87
6959.089 0.1121975308641943 81
6975.934 0.10774418604651781 86
6992.622 0.1132560975609788 82
7009.229 0.10367415730336924 89
7025.76 0.10103333333333163 90
7042.449 0.10356818181817702 88
7059.066 0.09541052631578312 95
7075.713 0.11597435897435086 78
7092.646 0.10954117647058464 85
7109.174 0.10191111111110635 90
7125.751 0.12975714285715054 70
7142.49 0.11030120481927404 83
7159.166 0.0996195652173909 92
7175.777 0.09294897959184059 98
7192.525 0.11634177215189624 79
7209.059 0.11045121951219256 82
7225.756 0.09772043010753384 93
7242.491 0.11032530120482112 83
7259.19 0.10321348314606399 89
7275.757 0.09879347826086893 92
7292.436 0.11820779220779042 77
7309.036 0.11435443037974241 79
7326.304 0.10951136363636041 88
7342.397 0.11051219512194997 82
7359.144 0.0932857142857125 98
7375.776 0.13012857142856385 70
7392.486 0.11884415584415377 77
7409.096 0.09185858585857719 99
7425.789 0.10989156626506139 83
7442.453 0.09910869565217818 92
7459.101 0.09098999999999251 100
7475.775 0.09793548387095984 93
7492.6 0.10900000000000386 85
7509.14 0.10751764705882498 85
7525.723 0.09335051546392052 97
7542.478 0.10508045977011293 87
7559.148 0.09730851063829718 94
7575.695 0.09211224489795963 98
7592.45 0.09208080808080793 99
7609.108 0.0929183673469364 98
7625.88 0.1137407407407375 81
7642.666 0.08483636363636668 110
7659.119 0.09804301075268261 93
7675.792 0.10369318181818182 88
7692.455 0.10858333333333446 84
7709.197 0.11789743589743477 78
7725.93 0.09749473684211185 95
7742.415 0.10558139534883636 86
7759.097 0.10827380952380172 84
7775.695 0.11144444444444498 81
7792.459 0.08607547169811129 106
7809.135 0.11562025316455715 79
7825.944 0.10914117647058875 85
7842.408 0.08808737864077981 103
7859.411 0.1081494252873523 87
7875.84 0.11186585365853384 82
7892.618 0.10201098901099293 91
7909.072 0.11062195121951113 82
7925.768 0.09381443298969447 97
7942.704 0.10183695652173573 92
7959.174 0.0955416666666622 96
7975.874 0.08768571428570882 105
7992.458 0.11126829268292435 82
8009.115 0.08679047619047023 105
8025.818 0.10166666666667273 90
8042.499 0.12219999999999952 75
8059.099 0.09097999999999956 100
8075.793 0.09125 100
8092.456 0.09213131313131409 99
8109.312 0.09218811881187816 101
8125.802 0.10745882352941194 85
8142.462 0.08776923076923665 104
8159.102 0.10112222222221842 90
8175.735 0.10187640449438211 89
8192.44 0.09386597938144818 97
8209.71 0.10908988764043734 89
8225.775 0.11106097560975574 82
8242.422 0.10097777777777486 90
8259.13 0.08949999999999016 102
8275.916 0.09437755102040608 98
8292.433 0.11095121951221677 82
8309.166 0.09447422680411185 97
8325.628 0.11946666666667928 75
8342.614 0.09666666666665454 96
8359.14 0.10041758241757154 91
8375.862 0.11213414634145986 82
8392.573 0.10265555555555086 90
8409.1 0.12637500000000224 72
8425.782 0.10357954545454297 88
8442.426 0.09882608695650798 92
8459.316 0.1122168674698832 83
8475.822 0.10897619047619585 84
8492.811 0.11416867469880201 83
8509.032 0.09815217391303083 92
8525.829 0.09444329896907276 97
8542.676 0.1394179104477664 67
8559.297 0.11201204819277687 83
8575.717 0.13115942028987088 69
8592.543 0.10346067415730942 89
8609.174 0.08572897196262322 107
8625.978 0.08541284403669258 109
8642.418 0.1081309523809588 84
8659.131 0.10144444444443555 90
8675.973 0.09898936170213075 94
8692.496 0.10293258426966358 89
8709.204 0.09687368421052125 95
8726.238 0.10074736842105171 95
8742.428 0.10452873563217403 87
8759.139 0.08959803921567858 102
8775.838 0.10662790697674503 86
8792.519 0.09004901960783815 102
8809.126 0.10138888888888889 90
8825.785 0.08938235294117833 102
8842.503 0.0935510204081784 98
8859.092 0.10212359550561732 89
8875.814 0.11577215189874228 79
8892.501 0.09964130434782023 92
8909.072 0.10309090909091041 88
8925.828 0.09347959183673529 98
8942.396 0.11327499999999872 80
8959.058 0.10064444444445447 90
8975.876 0.09592708333334106 96
8992.439 0.10465517241378809 87
9009.154 0.0994891304347853 92
9025.724 0.11463291139241133 79
9042.421 0.10096666666666149 90
9059.359 0.09175490196078802 102
9075.738 0.09256122448979502 98
9092.507 0.09359183673469877 98
9109.138 0.13638805970150492 67
9125.991 0.09918085106383319 94
9142.506 0.09653684210526607 95
9159.148 0.097319148936162 94
9175.756 0.10212359550561732 89
9192.473 0.09722340425531079 94
9209.021 0.11276250000000801 80
9225.775 0.09792473118279539 93
9242.447 0.09492708333332682 96
9259.036 0.10151685393258264 89
9275.823 0.110301204819285 83
9292.41 0.09552631578948134 95
9309.112 0.09490624999998924 96
9325.692 0.11720779220778749 77
9342.385 0.0942708333333447 96
9359.163 0.13278260869565597 69
9375.783 0.10127777777777536 90
9392.413 0.11347500000001673 80
9409.092 0.10330681818182215 88
9425.912 0.11004761904762615 84
9442.432 0.1057906976744181 86
9459.12 0.10132222222222885 90
9475.831 0.09164000000000669 100
9492.387 0.11910526315791446 76
9509.075 0.09259183673469923 98
9525.835 0.09548958333332773 96
9542.556 0.10360674157304908 89
9559.106 0.10231460674157042 89
9575.777 0.08357798165138149 109
9592.492 0.09742553191488773 94
9609.133 0.09042574257425555 101
9625.671 0.11847368421053704 76
9642.365 0.112887499999988 80
9659.006 0.10595294117646357 85
9675.756 0.09274489795918307 98
9692.336 0.10589411764706122 85
9709.26 0.09851063829787467 94
9726.068 0.08867924528301543 106
9742.54 0.0893689320388519 103
9759.165 0.09854838709678358 93
9775.919 0.09841489361702345 94
9792.419 0.1068823529411662 85
9809.36 0.0900000000000056 104
9825.78 0.11390000000001237 80
9842.451 0.09398969072163268 97
9859.133 0.11559493670885579 79
9875.945 0.09370707070707114 99
9892.472 0.11009638554215675 83
9909.197 0.08138053097345055 113
9925.806 0.10750588235295093 85
9942.489 0.10285393258427473 89
9959.261 0.08268750000000377 112
9975.747 0.08990099009900918 101
9992.637 0.10336666666666537 90
10009.132 0.10034065934065278 91
10025.787 0.09913043478261739 92
10042.507 0.08572897196260622 107
10059.334 0.09523469387755651 98
10075.807 0.0932653061224616 98
10092.673 0.08727102803739772 107
10109.138 0.09517708333333985 96
10125.771 0.10115555555556865 90
10142.712 0.08448648648647561 111
10159.335 0.10854651162789683 86
10175.794 0.10141111111111564 90
10192.424 0.1032954545454562 88
10209.138 0.09721276595745564 94
10225.776 0.10715294117647264 85
10242.506 0.09653684210526607 95
10259.212 0.0877333333333289 105
10275.907 0.09239999999999782 100
10292.432 0.09888043478262577 92
10309.076 0.09654255319147775 94
10325.82 0.11026506024096439 83
10342.401 0.11475949367089511 79
10359.062 0.09848913043477929 92
10375.815 0.09835483870968649 93
10392.446 0.10977108433735887 83
10409.043 0.10046666666666068 90
10425.774 0.10712941176470314 85
10442.505 0.10078021978020282 91
10459.306 0.11778481012658597 79
10475.85 0.10677906976745236 86
10492.416 0.0998021978021815 91
10509.071 0.10546511627906638 86
10525.809 0.08789423076922713 104
10542.583 0.12497297297299205 74
10559.102 0.1281830985915573 71
10575.785 0.10360227272727487 88
10592.392 0.09635106382979466 94
10609.093 0.1122592592592686 81
10625.804 0.10382954545455257 88
10642.527 0.11635443037975844 79
10659.141 0.11283950617283232 81
10675.766 0.11232098765432044 81
10692.475 0.09934782608696997 92
10709.136 0.09322448979592267 98
10725.896 0.10856470588236442 85
10742.394 0.10658823529411166 85
10759.232 0.08875961538461315 104
10775.934 0.09857446808510235 94
10792.543 0.08769523809524322 105
10809.095 0.10575581395348076 86
10825.782 0.10127777777777536 90
10842.49 0.09536458333334015 96
10859.117 0.10128888888888873 90
10875.683 0.10607058823531107 85
10892.403 0.09254081632652557 98
10909.093 0.10950602409638484 83
10925.742 0.1134375000000091 80
10942.396 0.10416091954022871 87
10959.14 0.09520833333332727 96
10975.766 0.09998901098901275 91
10992.446 0.11249382716048359 81
11009.038 0.11297500000000582 80
11025.725 0.11181481481482344 81
11042.386 0.12931428571428114 70
11059.268 0.09964516129032071 93
11075.738 0.11337499999999637 80
11092.388 0.12573611111113475 72
11109.046 0.13302941176470995 68
11125.77 0.10709411764707029 85
11142.492 0.1052528735632306 87
11159.31 0.10459550561796951 89
11175.71 0.11162962962962299 81
11193.061 0.10687912087912711 91
11209.131 0.09511458333332712 96
11225.785 0.10131111111111547 90
11242.422 0.0987717391304495 92
11259.177 0.11328395061727749 81
11275.846 0.10197777777777649 90
11292.404 0.11197530864197172 81
11309.031 0.10623529411765477 85
11325.901 0.1086352941176515 85
11342.392 0.12240540540539302 74
11359.205 0.10703488372092938 86
11376.455 0.10638043478261154 92
11392.554 0.09504123711341196 97
11408.963 0.12988405797100774 69
11425.755 0.11651282051281715 78
11442.473 0.10503448275863023 87
11459.123 0.09502083333332696 96
11475.931 0.11296341463415646 82
11492.634 0.09788421052632514 95
11509.214 0.10712790697674114 86
11525.789 0.09404123711341451 97
11542.553 0.09602083333334122 96
11559.093 0.1021685393258512 89
11575.714 0.10898795180723225 83
11592.51 0.08822115384616434 104
11609.063 0.10538372093023374 86
11625.927 0.08495412844036898 109
11642.606 0.10656321839081195 87
11659.318 0.09705208333332394 96
11675.78 0.09394845360825972 97
11692.525 0.11634177215188474 79
11709.164 0.1065581395348915 86
11725.835 0.09076237623761843 101
11742.432 0.0928367346938771 98
11759.263 0.09956989247312063 93
11775.669 0.10345977011494487 87
11792.493 0.11306172839507736 81
11809.104 0.10838095238094476 84
11825.816 0.09148000000001048 100
11842.533 0.09581250000000334 96
11859.143 0.09623157894736659 95
11875.902 0.0932727272727311 99
11892.463 0.09816129032256984 93
11909.11 0.10121111111111532 90
11925.76 0.1069764705882442 85
11942.348 0.11410126582277487 79
11959.092 0.11086585365854085 82
11975.701 0.11151851851851169 81
11992.42 0.10689411764705095 85
12009.145 0.10885714285714562 84
12025.682 0.11411392405064857 79
12042.478 0.09323469387753884 98
12059.311 0.10010752688171495 93
12075.86 0.0947628865979476 97
12092.447 0.09297959183674478 98
12109.059 0.10656470588234215 85
12125.891 0.10980952380952572 84
12142.606 0.11307317073169543 82
12159.195 0.11492499999999381 80
12175.797 0.09712765957447893 94
12192.407 0.09652127659572873 94
12209.06 0.10065555555554763 90
12225.764 0.09780645161289837 93
12242.546 0.09031372549019151 102
12259.168 0.10073626373625783 91
12276.368 0.08900000000000854 109
12292.519 0.1044137931034568 87
12309.139 0.11282716049381745 81
12326.013 0.09942553191490817 94
12342.427 0.11964473684209129 76
12359.144 0.09053465346534884 101
12375.831 0.10296629213483899 89
12392.458 0.10608139534885362 86
12408.997 0.10222727272726347 88
12425.836 0.09651578947368283 95
12442.417 0.13157971014492353 69
12459.092 0.10572093023256457 86
12475.802 0.09320408163265322 98
12492.418 0.1032272727272605 88
12509.099 0.11516455696202477 79
12525.776 0.11385000000000219 80
12542.622 0.08844761904762154 105
12559.298 0.10810465116279629 86
12575.821 0.08886407766990531 103
12592.5 0.10658139534882859 86
12609.1 0.09783870967742107 93
12625.775 0.10841666666666631 84
12642.453 0.0980430107526924 93
12659.129 0.09922826086957408 92
12675.83 0.10654651162791239 86
12692.439 0.09790322580644692 93
12709.082 0.0873269230769263 104
12725.858 0.08923300970874479 103
12742.497 0.08896116504853055 103
12759.28 0.10544318181818695 88
12775.72 0.10170786516853574 89
12792.448 0.09905434782609993 92
12809.169 0.09753191489361346 94
12825.872 0.09587499999999712 96
12842.445 0.09295918367347533 98
12859.195 0.0867358490565991 106
12875.808 0.08623584905661737 106
12892.385 0.1292999999999925 70
12909.105 0.10004395604394901 91
12925.841 0.12395945945946871 74
12942.489 0.11442500000000563 80
12959.207 0.11091566265060399 83
12975.76 0.11656410256410965 78
12992.418 0.10205617977528694 89
13009.013 0.10991463414635158 82
13025.768 0.11518987341772613 79
13042.496 0.09958695652172221 92
13059.23 0.10731395348836464 86
13075.893 0.11388888888889338 81
13092.46 0.09918478260869565 92
13109.1 0.100000000000004 91
13125.795 0.0970957446808554 94
13142.419 0.10207865168538345 89
13159.127 0.09312244897959392 98
13176.22 0.10979310344827219 87
13192.531 0.11354320987654465 81
13209.289 0.10321111111111855 90
13225.773 0.10005494505494025 91
13242.611 0.09663541666666713 96
13259.227 0.10484090909091554 88
13275.778 0.10472413793104351 87
13292.426 0.10450574712642223 87
13309.211 0.10836470588234506 85
13326.176 0.1092873563218369 87
13342.497 0.10778823529412072 85
13359.073 0.1079880952380942 84
13375.847 0.08741904761904845 105
13392.642 0.09307000000000698 100
13409.068 0.11332499999998617 80
13425.88 0.09696842105262668 95
13442.488 0.0973829787233897 94
13459.031 0.11286250000000564 80
13475.738 0.09548421052631487 95
13492.875 0.0993750000000091 96
13509.009 0.1140253164556938 79
13525.743 0.10677647058824626 85
13542.358 0.1289142857142776 70
13559.123 0.09030693069306124 101
13575.757 0.10447126436781543 87
13592.407 0.10194382022470226 89
13609.138 0.09419587628866624 97
13625.789 0.12001315789475005 76
13642.571 0.11128915662649604 83
13659.04 0.11158024691358599 81
13675.803 0.09516666666667106 96
13692.579 0.08109649122806124 114
13709.123 0.11401249999998982 80
13725.784 0.10983132530120464 83
13742.677 0.0898269230769284 104
13759.157 0.0897549019607729 102
13775.828 0.1052873563218374 87
13792.577 0.11136144578311535 83
13809.185 0.10091208791207784 91
13825.828 0.10651162790697505 86
13842.501 0.11602531645570983 79
13859.19 0.11204878048780612 82
13875.732 0.09344329896907531 97
13892.455 0.10604651162791628 86
13909.054 0.09733333333332989 93
13925.936 0.09457142857142886 98
13942.364 0.10878313253012592 83
13959.186 0.09982608695651399 92
13975.703 0.11293749999999818 80
13992.414 0.08565094339624096 106
14009.192 0.08836538461537202 104
14025.822 0.11737179487180327 78
14042.534 0.10696511627907586 86
14059.102 0.1152025316455768 79
14075.762 0.09280612244899147 98
14092.448 0.09113999999999578 100
14109.329 0.09715624999999288 96
14125.855 0.09279797979797877 99
14142.451 0.10853571428569489 84
14159.152 0.09242424242423875 99
14175.952 0.0987765957446793 94
14192.513 0.10430681818181918 88
14209.206 0.09792553191489284 94
14225.783 0.09396907216494621 97
14242.497 0.09959782608694182 92
14259.155 0.11027710843373792 83
14275.728 0.1053488372092964 86
14292.338 0.12004000000000815 75
14309.151 0.09838709677418964 93
14325.89 0.1036179775280871 89
14342.637 0.11208433734939618 83
14358.966 0.10671428571428503 84
14375.885 0.1245675675675778 74
14392.52 0.1120121951219672 82
14409.181 0.09463917525773496 97
14425.914 0.08561111111112041 108
14442.539 0.09488659793816023 97
14459.216 0.09307070707070648 99
14475.795 0.10613953488372804 86
14492.59 0.11716455696201776 79
14509.32 0.09413131313130814 99
14526.281 0.10681111111112437 90
14542.358 0.1087108433735066 83
14559.135 0.1217733333333308 75
14575.794 0.10141111111111564 90
14592.37 0.09929670329670394 91
14609.156 0.09340816326531072 98
14625.803 0.08868932038835163 103
14642.453 0.09700000000000418 94
14659.176 0.08119469026548029 113
14675.912 0.09730526315790101 95
14692.602 0.09965591397849494 93
14709.136 0.10745882352941194 85
14725.971 0.09032038834951343 103
14742.438 0.09582105263158922 95
14759.13 0.08693333333332183 105
14776.024 0.08007894736841224 114
14792.34 0.10351724137930349 87
14809.062 0.10067777777777438 90
14825.765 0.10456321839080175 87
14842.452 0.10018681318681527 91
14859.126 0.09407216494845361 97
14875.883 0.09803191489361857 94
14892.904 0.10751685393259915 89
14909.127 0.11698717948717949 78
14925.79 0.09309183673470828 98
14942.417 0.0987282608695513 92
14959.307 0.10696551724138499 87
14975.764 0.09005940594058959 101
14992.391 0.10410344827584919 87
15009.097 0.11368749999999181 80
15025.782 0.09114999999999782 100
15042.41 0.09553684210525382 95
15059.114 0.10595348837208338 86
15075.744 0.09261224489796868 98
15092.363 0.10877108433735237 83
15109.219 0.10356179775279477 89
15125.863 0.09995652173912949 92
15142.386 0.09732258064517521 93
15159.097 0.10701176470587705 85
15175.9 0.09326262626262803 99
15192.459 0.08773076923078477 104
15209.226 0.10364044943820405 89
15225.809 0.1038749999999957 88
15242.516 0.09767021276596272 94
15259.177 0.09362244897958441 98
15275.595 0.12063513513513081 74
15292.461 0.10253932584269893 89
15309.097 0.09886956521738641 92
15325.731 0.0985108695652185 92
15342.384 0.12066666666665697 75
15359.3 0.11069047619046268 84
15375.873 0.10461363636363785 88
15392.369 0.10383908045978701 87
15409.16 0.08892233009708399 103
15425.874 0.10344943820225096 89
15442.596 0.0945000000000043 98
15458.993 0.09991111111111321 90
15475.675 0.10473255813953032 86
15492.492 0.10405681818183025 88
15509.042 0.11741558441557477 77
15525.836 0.1030224719101109 89
15542.485 0.0915099999999984 100
15559.126 0.10993975903614457 83
15575.699 0.11432911392406409 79
15592.462 0.11408750000000509 80
15609.084 0.10320454545454925 88
15625.825 0.1052643678161065 87
15642.428 0.10451724137931905 87
15659.149 0.09942391304346766 92
15675.815 0.0952812500000088 96
15692.476 0.10508045977011293 87
15709.1 0.1109634146341483 82
15725.792 0.10369318181818182 88
15742.633 0.09488775510203132 98
15759.188 0.0977234042553159 94
15775.712 0.09521052631579024 95
15792.385 0.11455696202533026 79
15809.08 0.10679999999999434 85
15825.706 0.1329117647058892 68
15842.636 0.09589690721649155 97
15859.151 0.10166666666666263 90
15875.734 0.09749462365592383 93
15892.484 0.09530208333334637 96
15909.108 0.09105999999999767 100
15925.811 0.09831182795698956 93
15942.536 0.13734328358207934 67
15959.078 0.09455208333332621 96
15975.743 0.09453125000000757 96
15992.435 0.0891862745098015 102
16008.998 0.0988571428571339 91
16025.908 0.11549999999999727 80
16042.478 0.10757647058821664 85
16059.187 0.09983695652173359 92
16075.796 0.10257303370787432 89
16092.37 0.10151685393260307 89
16109.312 0.10230769230768672 91
16125.69 0.1002555555555672 90
16142.503 0.10915476190476034 84
16159.152 0.11883116883116411 77
16175.856 0.09672631578947691 95
16192.438 0.10464367816091218 87
16209.138 0.09323469387755741 98
16225.898 0.10609195402298349 87
16242.524 0.09881720430106118 93
16259.368 0.08437837837837825 111
16275.819 0.09060396039603802 101
16292.441 0.10712941176472454 85
16309.056 0.11460759493670997 79
16325.752 0.09768817204302092 93
16342.375 0.11300000000001091 80
16359.049 0.12062666666667307 75
16375.877 0.1058505747126522 87
16392.431 0.09780645161291793 93
16409.194 0.09379591836733774 98
16425.783 0.11993421052628898 76
16442.6 0.10528409090908429 88
16459.17 0.10915476190473869 84
16476.297 0.0992680412370843 97
16492.51 0.09084158415840864 101
16509.075 0.11202469135803116 81
16525.729 0.10068888888886754 90
16542.393 0.09953846153847146 91
16559.142 0.10754117647058378 85
16575.771 0.10464367816091218 87
16592.993 0.10731111111110497 90
16608.949 0.10910975609756239 82
16625.805 0.0961789473684085 95
16642.462 0.0912800000000061 100
16659.122 0.09703191489360835 94
16675.787 0.14249999999998408 64
16692.431 0.10576744186048102 86
16709.693 0.10768888888887887 90
16725.794 0.11267901234568405 81
16742.477 0.09831182795698956 93
16759.158 0.09845161290321548 93
16775.976 0.10228571428568423 91
16792.464 0.10032967032968153 91
16809.134 0.10036263736261529 91
16825.835 0.09548958333330877 96
16842.481 0.11154878048781518 82
16859.609 0.1231666666666663 78
16875.674 0.11547435897433062 78
16892.425 0.1228378378378398 74
16909.061 0.10784523809525126 84
16925.77 0.09482291666665787 96
16942.391 0.1053023255814011 86
16959.196 0.09887096774193235 93
16975.773 0.10005494505494025 91
16992.615 0.09470408163268039 98
17009.093 0.09092000000000552 100
17025.797 0.0950937499999706 96
17042.501 0.10300000000001439 89
17059.132 0.11412500000001273 80
17075.692 0.11279999999997017 80
17092.532 0.10821176470588612 85
17109.119 0.10480459770113304 87
17125.974 0.11633749999996326 80
17142.552 0.09805319148936759 94
17159.183 0.0956458333333406 96
17175.783 0.10599999999997868 86
17192.433 0.08833009708739588 103
17209.08 0.09658510638299514 94
17225.822 0.09535416666665242 96
17242.439 0.10838095238094476 84
17259.066 0.10072222222220767 90
17275.788 0.09402061855669053 97
17292.366 0.10625882352944566 85
17309.334 0.09519387755099902 98
17325.751 0.113537499999984 80
17342.479 0.10275280898876896 89
17359.139 0.11715384615383347 78
17375.835 0.09858064516126716 93
17392.475 0.0993586956521698 92
17409.14 0.10269662921347661 89
17425.747 0.1107195121950964 82
17442.388 0.12070666666666512 75
17459.254 0.10760465116280017 86
17475.827 0.11036144578313077 83
17492.633 0.09686458333336152 96
17509.197 0.09288888888888801 99
17525.942 0.0956082474226558 97
17542.492 0.10059340659339157 91
17559.167 0.10415909090910315 88
17575.835 0.08900970873784317 103
17592.381 0.11169135802471974 81
17609.16 0.0897941176470554 102
17625.742 0.09355670103089783 97
17642.419 0.10814285714288763 84
17659.049 0.12395890410957629 73
17675.84 0.0873523809523682 105
17692.46 0.09606315789473899 95
17709.181 0.0987204301075322 93
17726.394 0.11718072289155118 83
17742.833 0.10917241379309876 87
17759.137 0.08305454545453275 110
17775.869 0.10339325842693817 89
17792.912 0.13881159420291794 69
17809.114 0.10722352941178113 85
17825.933 0.1143950617283904 81
17842.586 0.09637500000000425 96
17859.16 0.09849462365591241 93
17875.907 0.09935483870965552 93
17892.355 0.09495789473684885 95
17909.095 0.09884782608696696 92
17925.92 0.11711392405059202 79
17942.604 0.09555670103093024 97
17959.145 0.10161111111111597 90
17975.695 0.10142696629211488 89
17992.433 0.10962650602412023 83
18009.243 0.09150495049503336 101
18025.731 0.08799029126211926 103
18042.379 0.10395402298852514 87
18059.259 0.10520454545452264 88
18075.783 0.12153333333330617 75
18092.734 0.08391964285715403 112
18109.324 0.11369512195122342 82
18125.774 0.09198989898989869 99
18142.644 0.09904255319150329 94
18159.321 0.10355555555555232 90
18175.874 0.10831764705880606 85
18192.549 0.10969047619047549 84
18209.171 0.08650943396224768 106
18225.763 0.10335227272724462 88
18242.564 0.08545370370369777 108
18259.14 0.10626744186045597 86
18275.771 0.10584883720929252 86
18292.35 0.12183783783783272 74
18309.083 0.11796103896102234 77
18325.825 0.10289887640448817 89
18342.571 0.09144554455446323 101
18359.143 0.0932857142857125 98
18375.793 0.09707446808510638 94
18392.463 0.11132926829269287 82
18409.28 0.09767368421051191 95
18425.912 0.09062745098038018 102
18442.545 0.10349438202246439 89
18459.212 0.08528703703703083 108
18475.759 0.0988152173912686 92
18492.852 0.10693258426966096 89
18509.198 0.13140000000000457 70
18525.727 0.10914457831322251 83
18542.421 0.10208988764044191 89
18559.229 0.10985714285713281 84
18576.049 0.11441463414631449 82
18592.337 0.11541025641026163 78
18609.081 0.11641025641023216 78
18625.716 0.09835869565216379 92
18642.413 0.1120740740740906 81
18659.174 0.09457731958761927 97
18675.806 0.11143902439023183 82
18692.453 0.09701063829789804 94
18709.1 0.11373749999997926 80
18725.717 0.09526315789472918 95
18742.587 0.10396629213483832 89
18759.077 0.1163589743589863 78
18775.701 0.09410416666666303 96
18792.489 0.10171111111113633 90
18809.233 0.10374157303370983 89
18825.754 0.12798591549295119 71
18842.377 0.10393103448277334 87
18859.099 0.09678723404253338 94
18875.808 0.11012048192770384 83
18892.493 0.09157999999999447 100
18909.165 0.0954583333333403 96
18925.757 0.09774193548387253 93
18942.424 0.10212359550561732 89
18959.076 0.10553488372094107 86
18975.8 0.11003614457828906 83
18992.449 0.09300000000001425 98
19009.098 0.08582075471699596 106
19025.721 0.09631914893617115 94
19042.416 0.10560465116281574 86
19059.146 0.10275280898876896 89
19075.776 0.09018811881188493 101
19092.446 0.1301714285714427 70
19109.246 0.10505681818180661 88
19125.78 0.1047356321838776 87
19142.548 0.10967857142856831 84
19159.104 0.10114444444443507 90
19175.775 0.11106097560975574 82
19192.471 0.08700952380954516 105
19209.093 0.10103333333334175 90
19225.664 0.10461627906976033 86
19242.429 0.11090243902440196 82
19259.174 0.09082178217820658 101
19275.749 0.11075609756095751 82
19292.422 0.09179797979797716 99
19309.19 0.10563218390803092 87
19325.739 0.09754838709677545 93
19342.526 0.10212222222225036 90
19359.1 0.10339772727270842 88
19375.908 0.1050113636363428 88
19392.512 0.10670930232557767 86
19409.214 0.10469318181817884 88
19425.85 0.09275757575754813 99
19442.629 0.1032777777777988 90
19459.669 0.09968041237115143 97
19475.849 0.11621518987337794 79
19492.439 0.09895652173912348 92
19509.146 0.11290123456790663 81
19525.715 0.11034146341462031 82
19542.518 0.07985217391305133 115
19559.145 0.12031578947368728 76
19575.859 0.10814117647057762 85
19592.634 0.09892553191488371 94
19609.074 0.10802380952381577 84
19625.749 0.09459374999998242 96
19642.416 0.08991089108912821 101
19659.324 0.10476404494382612 89
19675.891 0.1111204819276884 83
19692.486 0.10056043956045779 91
19709.165 0.11455000000000837 80
19725.715 0.0962553191489241 94
19742.386 0.11313749999999345 80
19759.172 0.09756382978721763 94
19775.801 0.09614736842103364 95
19792.391 0.11915789473684861 76
19809.149 0.10395454545455736 88
19825.925 0.10519318181815668 88
19842.491 0.10173333333336308 90
19859.105 0.09483333333332666 96
19875.843 0.11054216867469002 83
19892.596 0.09547422680414681 97
19909.14 0.11423749999999018 80
19925.727 0.10784523809520795 84
19942.499 0.10070329670330407 91
19959.121 0.09914130434781723 92
19975.831 0.10654651162787009 86
19992.39 0.09336082474227314 97
20009.072 0.09351546391752487 97
20025.91 0.11136144578311535 83
20042.818 0.10420879120879313 91
20059.057 0.11043902439024994 82
20075.893 0.1263698630136787 73
20092.502 0.09958695652174197 92
20109.056 0.11610256410257044 78
20125.755 0.12279729729729101 74
20142.445 0.1153164556962099 79
20159.18 0.10086813186813283 91
20175.815 0.09731914893614266 94
20192.408 0.09863043478261439 92
20209.047 0.09624468085104959 94
20225.749 0.11949999999998047 76
20242.418 0.11078048780490929 82
20259.139 0.1171666666666566 78
20275.762 0.1109146341463113 82
20292.575 0.107453488372114 86
20307.87 0.10353947368419444 76
20325.164 0.10621249999999235 80
20341.762 0.09914117647058447 85
20358.438 0.09272527472525585 91
20375.226 0.09105319148933476 94
20391.917 0.09979069767444365 86
20408.517 0.08516999999999825 100
20425.197 0.10154761904760519 84
20441.799 0.09619318181818347 88
20458.574 0.09421978021978597 91
20475.143 0.10866666666665062 78
20491.847 0.08346078431375145 102
20508.458 0.11428378378376372 74
20525.206 0.09181720430104334 93
20541.844 0.11656164383564155 73
20558.541 0.0845544554455532 101
20575.204 0.0927826086956528 92
20591.786 0.09713793103449346 87
20608.538 0.09280434782609202 92
20625.214 0.09392307692306222 91
20641.856 0.09682954545455273 88
20658.532 0.10036470588234164 85
20675.163 0.08757731958761837 97
20691.728 0.11190666666666706 75
20708.502 0.11974647887324517 71
20725.247 0.08249999999998181 104
20741.839 0.0934505494505584 91
20758.692 0.09550549450548235 91
20775.15 0.11015584415584377 77
20791.869 0.08984210526315636 95
20808.491 0.09647727272729091 88
20825.21 0.09932558139532142 86
20841.791 0.11583561643838287 73
20858.481 0.10342682926828985 82
20875.189 0.08877083333330422 96
20891.915 0.09977906976746453 86
20908.541 0.08804123711341107 97
20925.132 0.09618181818181752 88
20941.871 0.09925581395348905 86
20958.512 0.10911538461536671 78
20975.192 0.08787628865976921 97
20991.777 0.08703092783504225 97
21008.545 0.09599999999997809 89
21025.267 0.08774489795916675 98
21041.8 0.10582500000000436 80
21058.569 0.09736363636362842 88
21075.204 0.0880000000000006 97
21091.822 0.11023376623378173 77
21108.456 0.10841025641023477 78
21125.222 0.09612359550562125 89
21141.859 0.08972631578948685 95
21158.597 0.07886238532111346 109
21175.194 0.08701020408161454 98
21191.941 0.08781632653060988 98
21208.47 0.09847674418605767 86
21225.131 0.11593150684931149 73
21241.832 0.09235869565216727 92
21258.51 0.09052127659572548 94
21275.219 0.11251315789472995 76
21291.885 0.08382352941175757 102
21308.569 0.09114893617020534 94
21325.243 0.08841237113399271 97
21341.904 0.10579012345678401 81
21358.553 0.10304819277108293 83
21375.22 0.08552999999999883 100
21391.911 0.07457391304348636 115
21408.421 0.10144578313250908 83
21425.165 0.1023855421686698 83
21441.839 0.08099047619048395 105
21458.512 0.0905425531914745 94
21475.162 0.10889743589742022 78
21491.794 0.0972298850575007 87
21508.506 0.08953684210527603 95
21525.166 0.10239759036144333 83
21541.795 0.11432432432431253 74
21558.414 0.09046236559140286 93
21575.124 0.09192391304346213 92
21591.896 0.07509649122808346 114
21608.555 0.09297826086956616 92
21625.154 0.0866020408162995 98
21641.811 0.1046543209876863 81
21658.498 0.10755696202530872 79
21675.175 0.08506999999997789 100
21691.821 0.09535955056180886 89
21708.554 0.10304819277108293 83
21725.22 0.09831034482758487 87
21741.855 0.0957303370786566 89
21758.468 0.11925352112676835 71
21775.146 0.10215662650601638 83
21791.846 0.10911538461541334 78
21808.514 0.09153763440859151 93
21825.251 0.0922903225806314 93
21841.874 0.083725490196087 102
21858.595 0.08595000000001164 100
21875.24 0.10327710843373634 83
21891.812 0.1033902439024731 82
21908.517 0.0990232558139491 86
21925.204 0.0927934782608724 92
21941.878 0.09285869565219004 92
21958.489 0.1195492957746647 71
21975.218 0.09293478260868775 92
21991.778 0.08981914893616279 94
22008.567 0.09414285714284723 91
22025.2 0.08795876288659013 97
22041.869 0.09482222222221834 90
22058.5 0.1148513513513486 74
22075.135 0.11441891891887723 74
22091.881 0.08461386138615937 101
22108.538 0.0898631578947396 95
22125.237 0.09850574712643344 87
22141.859 0.08439603960397278 101
22158.504 0.0924239130434849 92
22175.16 0.10231325301202855 83
22191.831 0.09654545454544529 88
22208.788 0.08212149532710525 107
22225.124 0.09191304347824251 92
22241.85 0.09787356321838411 87
22258.545 0.1017142857142625 84
22275.201 0.09274999999999399 92
22291.774 0.10418518518521142 81
22308.578 0.0866363636363751 99
22325.295 0.08375728155336669 103
22341.862 0.10152380952383412 84
22358.518 0.10262650602409673 83
22375.189 0.10266265060237352 83
22391.77 0.09070967741937111 93
22408.49 0.10105952380954045 84
22425.175 0.09453333333331101 90
22441.778 0.08795833333332818 96
22458.543 0.11543243243244974 74
22475.094 0.10151807228915032 83
22491.782 0.10428395061728539 81
22508.495 0.1213571428571283 70
22525.217 0.07772727272726611 110
22541.958 0.09476923076922852 91
22558.538 0.10044705882353488 85
22575.086 0.08017142857140806 105
22591.942 0.08522772277227895 101
22608.538 0.0927934782608724 92
22625.246 0.10722499999997126 80
22641.821 0.10608750000001237 80
22658.542 0.08374509803922824 102
22675.18 0.07532743362830803 113
22691.907 0.08929166666666788 96
22708.496 0.08581818181817359 99
22725.091 0.11538356164382006 73
22741.766 0.09803488372093598 86
22758.509 0.09052127659572548 94
22775.118 0.10833333333329602 78
22791.773 0.08272549019609726 102
22808.594 0.09548888888889956 90
22825.246 0.08493069306928416 101
22841.783 0.08365346534653983 101
22858.55 0.08548999999999068 100
22875.119 0.09496629213480334 89
22891.84 0.08768041237114452 97
22908.507 0.09246739130436332 92
22925.255 0.12094366197182442 71
22941.824 0.09646590909092496 88
22958.53 0.09583146067414193 89
22975.16 0.08492999999998574 100
22991.912 0.10856962025317893 79
23008.525 0.08972631578948685 95
23025.155 0.09868604651159711 86
23041.838 0.100047058823539 85
23058.488 0.09226086956523036 92
23075.13 0.08548484848484583 99
23091.847 0.09253260869568096 92
23108.531 0.08282524271843728 103
23125.18 0.10775949367087355 79
23141.824 0.09432222222223774 90
23158.586 0.0858599999999933 100
23175.198 0.0879381443298849 97
23191.825 0.11027272727275071 77
23208.514 0.09898837209301176 86
23225.131 0.09957647058823461 85
23241.85 0.09255434782608063 92
23258.501 0.10897435897435898 78
23275.163 0.08494999999998981 100
23291.848 0.10511111111114632 81
23308.511 0.10253012048190842 83
23325.174 0.1104675324675011 77
23341.932 0.09996511627908804 86
23358.506 0.10125000000001212 84
23375.187 0.10648750000000291 80
23391.808 0.10086904761906876 84
23408.543 0.07837614678900444 109
23425.205 0.08987368421053121 95
23441.831 0.09879069767440912 86
23458.613 0.08878350515464938 97
23475.156 0.09029787234039953 94
23491.759 0.1094025974025853 77
23508.492 0.09330769230767216 91
23525.243 0.09122340425528819 94
23541.832 0.09656818181817718 88
23558.479 0.11156578947367579 76
23575.149 0.11014285714285411 77
23591.848 0.09565168539328818 89
23608.472 0.08644897959185277 98
23625.115 0.11572602739726466 73
23641.886 0.08466336633662848 101
23658.411 0.1064556962025298 79
23675.215 0.09093617021275388 94
23691.807 0.09413333333335079 90
23708.531 0.10277108433733537 83
23725.234 0.07448695652172951 115
23741.889 0.09197849462365686 93
23758.604 0.10241666666665662 84
23775.177 0.09248913043476299 92
23791.772 0.09479775280900805 89
23808.5 0.08761855670102883 97
23825.223 0.10561728395062088 81
23841.869 0.0927717391304332 92
23858.558 0.09836781609196439 87
23875.176 0.09148387096772034 93
23891.833 0.0894631578947347 95
23908.453 0.10977922077923817 77
23925.24 0.09420879120879473 91
23941.857 0.0906702127659686 94
23958.618 0.09266666666665133 93
23975.195 0.10152380952379081 84
23991.957 0.08621999999999388 100
24008.462 0.09196739130434055 92
24025.126 0.1019036144578159 83
24041.863 0.08614141414143502 99
24058.455 0.11424324324326408 74
24075.171 0.09553932584266261 89
24091.759 0.10664556962024395 79
24108.515 0.09901162790696998 86
24125.237 0.09522222222221899 90
24141.892 0.09302173913044459 92
24158.523 0.09684090909091868 88
24175.194 0.10030588235291789 85
24191.877 0.10049411764707389 85
24208.534 0.08285436893203545 103
24225.217 0.09827586206895715 87
24241.891 0.11111688311688954 77
24258.534 0.08797938144329537 97
24275.079 0.08947872340425594 94
24291.906 0.10581481481481374 81
24308.582 0.09328260869563604 92
24325.223 0.10969230769231404 78
24341.793 0.09834883720932974 86
24358.503 0.10762025316456211 79
24375.198 0.08617171717170748 99
24391.877 0.09184946236560516 93
24408.571 0.08009345794392252 107
24425.14 0.09967058823526981 85
24441.808 0.10862820512822789 78
24458.587 0.0986896551724061 87
24475.224 0.073767241379285 116
24491.773 0.11558904109591672 73
24508.435 0.10675949367090007 79
24525.079 0.10133734939759106 83
24541.871 0.08451485148514909 101
24558.52 0.09681818181818679 88
24575.189 0.08354901960781574 102
24591.906 0.09740909090909224 88
24608.506 0.09245652173914372 92
24625.121 0.10435802469132964 81
24641.852 0.0878041237113384 97
24658.523 0.09909302325582377 86
24675.192 0.09069148936167891 94
24691.854 0.09161290322581114 93
24708.478 0.09418888888887725 90
24725.199 0.08363725490195137 102
24741.872 0.09926744186046817 86
24758.529 0.0827961165048391 103
24775.211 0.0889895833333109 96
24791.852 0.08966315789473715 95
24808.461 0.10710126582277633 79
24825.201 0.09923255813953082 86
24841.916 0.09129787234044845 94
24858.578 0.09858620689656478 87
24875.219 0.09295652173912695 92
24891.952 0.07905504587157805 109
24908.6 0.09449450549448726 91
24925.109 0.11107894736840918 76
24941.808 0.09415555555557754 90
24958.586 0.09756818181817421 88
24975.363 0.11440789473683828 76
24991.877 0.09184946236560516 93
25008.538 0.0981264367816122 87
25025.26 0.09547777777774577 90
25041.881 0.10682500000002619 80
25058.585 0.09231182795697986 93
25075.092 0.09682758620688585 87
25091.856 0.1002588235294217 85
25108.42 0.09459550561795561 89
25125.16 0.08244660194173174 103
25141.867 0.09806896551723268 87
25158.531 0.08885416666665454 96
25175.154 0.10607499999996435 80
25191.868 0.09588764044943428 89
25208.513 0.1001411764705742 85
25225.213 0.09090425531913036 94
25241.898 0.09515555555557917 90
25258.473 0.09414444444446417 90
25275.142 0.10335365853656762 82
25291.896 0.09513333333335242 90
25308.491 0.07788990825689542 109
25325.297 0.09084210526313033 95
25341.81 0.10462962962965658 81
25358.531 0.0958426966292004 89
25375.281 0.08527722772274807 101
25391.853 0.09790804597701183 87
25408.449 0.10694936708861423 79
25425.156 0.08573737373734905 99
25441.807 0.09109677419356528 93
25458.507 0.08680612244899415 98
25475.164 0.09336263736262841 91
25491.844 0.10637500000002546 80
25508.438 0.09587499999997817 88
25525.12 0.10977922077919092 77
25541.821 0.09428888888889762 90
25558.559 0.09008421052632529 95
25575.126 0.10707594936707497 79
25591.828 0.09875581395351408 86
25608.506 0.10905128205129773 78
25625.202 0.08984210526315636 95
25641.88 0.09711363636366017 88
25658.573 0.08087735849056905 106
25675.188 0.0835294117646745 102
25691.846 0.08960000000002573 95
25708.519 0.09570786516853966 89
25725.167 0.10492592592592341 81
25741.951 0.07832727272728914 110
25758.551 0.0838333333333282 102
25775.189 0.09364835164832094 91
25791.802 0.09204347826087779 92
25808.512 0.10254216867468197 83
25825.096 0.106683544303796 79
25841.822 0.09984705882354106 85
25858.564 0.08737755102039065 98
25875.155 0.09869767441857623 86
25891.813 0.10731645569619185 79
25908.457 0.09502247191009568 89
25925.123 0.11743055555552928 72
25941.854 0.08782474226804364 97
25958.593 0.09239784946237373 93
25975.091 0.09682758620688585 87
25991.8 0.09103225806451988 93
26008.477 0.09743678160918336 87
26025.191 0.08878124999997301 96
26041.878 0.08718367346940498 98
26058.576 0.10586419753087319 81
26075.134 0.11923943661967198 71
26091.834 0.09550561797752809 89
26108.52 0.1002352941176522 85
26125.227 0.07852293577979329 109
26141.872 0.09701136363636662 88
26158.6 0.08513861386136971 101
26175.157 0.09328571428568966 91
26191.84 0.08769072164949714 97
26208.48 0.11776388888888 72
26225.209 0.0871632653060984 98
26241.903 0.09213978494623123 93
26258.511 0.0802924528301755 106
26275.2 0.1003764705882264 85
26291.838 0.09662500000000694 88
26308.512 0.09671590909089321 88
26325.151 0.0998117647058868 85
26341.85 0.08963157894736229 95
26358.704 0.10613414634147975 82
26375.143 0.09314285714284339 91
26391.858 0.09910465116280288 86
26408.582 0.09032631578945592 95
26425.153 0.098674418604618 86
26441.787 0.10308536585367487 82
26458.533 0.09273913043477439 92
26475.145 0.09743678160918336 87
26491.834 0.11642465753424379 73
26508.55 0.10555555555554658 81
26525.17 0.1036951219511826 82
26541.828 0.10889743589746687 78
26558.561 0.10071764705884133 85
26575.101 0.10953246753243465 77
26591.858 0.10522222222223515 81
26608.603 0.11315789473682296 76
26625.171 0.08951578947365449 95
26641.858 0.1002823529411912 85
26658.517 0.08779381443298578 97
26675.167 0.10758227848101008 79
26691.765 0.10537500000000363 80
26708.502 0.09445555555555782 90
26725.157 0.0975862068965283 87
26741.881 0.11246052631581972 76
26758.562 0.08311650485438363 103
26775.259 0.09044210526312542 95
26791.777 0.08886315789472735 95
26808.462 0.10445679012344852 81
26825.756 0.0977311827956983 93
26842.444 0.09019801980198597 101
26859.111 0.09588421052631978 95
26875.837 0.11320987654318831 81
26892.418 0.10092222222224842 90
26909.075 0.12601388888889334 72
26925.77 0.09894565217390387 92
26942.517 0.10202222222222998 90
26959.207 0.09792553191487349 94
26975.706 0.10634117647055331 85
26992.341 0.09381250000001273 96
27009.242 0.11697468354428059 79
27025.86 0.1021333333333233 90
27042.345 0.0990109890110114 91
27058.991 0.12315068493152878 73
27075.817 0.08632075471696055 106
27092.481 0.12528767123288548 73
27109.112 0.10717647058824215 85
27125.822 0.10770588235292748 85
27142.379 0.09939560439562518 91
27159.158 0.10772941176469698 85
27175.848 0.09181000000000494 100
27192.392 0.10783333333334408 84
27209.189 0.09569791666664666 96
27225.938 0.11445679012341978 81
27242.523 0.10323595505620135 89
27259.15 0.11021686746989214 83
27275.893 0.09511340206184277 97
27292.457 0.10485057471263666 87
27309.168 0.11316049382717379 81
27325.787 0.09211111111109876 99
27342.62 0.10797674418604719 86
27359.145 0.11015662650602445 83
27375.866 0.09786170212766515 94
27392.406 0.1079880952380942 84
27409.185 0.093714285714297 98
27425.811 0.0962421052631582 95
27442.635 0.11204819277107557 83
27459.133 0.10742352941177909 85
27475.742 0.0965319148935839 94
27492.47 0.09136000000002241 100
27509.136 0.091349999999984 100
27525.868 0.09387755102037847 98
27542.567 0.10374157303370983 89
27559.248 0.10049999999999114 92
27575.719 0.1027840909091124 88
27592.479 0.09330612244898197 98
27609.245 0.09832978723402738 94
27625.809 0.09725531914893432 94
27642.454 0.11258024691361007 81
27659.156 0.10521839080458198 87
27675.781 0.10721176470585358 85
27692.482 0.0847037037037134 108
27709.193 0.09099999999998905 101
27725.958 0.10438202247187904 89
27742.43 0.10701176470589845 85
27759.123 0.10485057471263666 87
27775.762 0.11658974358970926 78
27792.421 0.105662790697669 86
27809.299 0.0989148936170092 94
27825.714 0.10899999999998387 83
27842.477 0.1101445783132509 83
27859.141 0.10879761904760969 84
27875.761 0.11965789473680688 76
27892.535 0.1033707865168621 89
27909.034 0.11731168831168114 77
27925.741 0.11064634146341853 82
27942.423 0.11505063291139167 79
27959.06 0.1091325301204928 83
27975.782 0.10849999999997333 84
27992.36 0.11143209876545258 81
28008.99 0.09363541666668122 96
28025.886 0.10358426966289126 89
28042.516 0.0956458333333406 96
28059.175 0.09970652173911809 92
28075.778 0.09392783505151699 97
28092.38 0.12562500000002627 72
28109.03 0.09605319148934716 94
28125.822 0.0871904761904651 105
28142.593 0.09259000000001834 100
28159.081 0.0976344086021302 93
28175.845 0.08909708737863767 103
28192.377 0.10765476190477957 84
28209.109 0.11675641025640988 78
28225.8 0.0961263157894504 95
28242.483 0.11157317073172258 82
28259.143 0.10629069767441421 86
28275.91 0.10268888888887077 90
28292.386 0.10649411764705506 85
28309.118 0.0902574257425561 101
28325.831 0.09162999999996828 100
28342.486 0.10895238095240313 84
28359.18 0.08741904761904845 105
28375.927 0.11023809523807618 84
28392.599 0.10181318681318041 91
28409.15 0.10891666666668157 84
28425.808 0.10386363636362975 88
28442.646 0.0921980198019972 101
28459.072 0.12094666666666551 75
28475.752 0.09463541666665758 96
28492.569 0.10147252747253163 91
28509.262 0.10644827586205291 87
28525.864 0.12262666666666822 75
28542.321 0.10959756097562183 82
28559.118 0.11840259740257623 77
28575.811 0.09144000000000232 100
28592.438 0.10967469879517056 83
28609.034 0.12904285714284924 70
28625.757 0.09774193548387253 93
28642.481 0.0879519230769312 104
28659.097 0.11513924050634643 79
28675.717 0.09943956043955021 91
28692.445 0.10235955056180429 89
28709.151 0.08969607843138482 102
28726.087 0.09612244897957402 98
28742.437 0.10226966292137742 89
28759.164 0.12217333333333955 75
28775.738 0.09859782608695557 92
28792.445 0.10123333333334207 90
28809.21 0.09302020202019114 99
28825.754 0.10096666666666149 90
28842.385 0.10168539325841879 89
28859.299 0.10329999999998513 90
28875.826 0.0872285714285681 105
28892.413 0.10680000000001574 85
28909.279 0.10788372093021428 86
28925.746 0.09456249999997605 96
28942.431 0.10336363636365191 88
28959.07 0.10304545454544661 88
28975.816 0.08631132075469447 106
28992.565 0.0879142857142835 105
29009.092 0.08912745098039558 102
29025.705 0.11736363636363976 77
29042.55 0.09309090909091262 99
29059.121 0.11253086419750571 81
29075.767 0.11818181818179928 77
29092.428 0.09572631578948379 95
29109.084 0.11643589743587841 78
29125.882 0.08945631067961109 103
29142.45 0.09802150537636349 93
29159.178 0.08341818181817706 110
29175.717 0.10401149425286285 87
29192.545 0.08941747572814686 103
29209.147 0.11018072289157152 83
29225.812 0.0933163265306167 98
29242.426 0.11086585365854085 82
29259.256 0.1128536585365953 82
29275.79 0.10365909090908397 88
29292.492 0.09249494949494186 99
29309.093 0.10572093023256457 86
29325.848 0.0976595744680882 94
29342.411 0.11943421052633073 76
29359.099 0.10960240963852932 83
29375.813 0.1172435897435487 78
29392.663 0.1072183908046131 87
29409.263 0.0899223300970758 103
29425.764 0.10577906976741783 86
29442.452 0.10725882352943539 85
29459.133 0.10259550561799126 89
29475.677 0.10987804878046828 82
29492.42 0.09876086956521012 92
29509.127 0.09605263157894736 95
29525.836 0.09650526315787207 95
29542.576 0.08326126126127935 111
29559.259 0.11428395061725664 81
29575.746 0.10199999999997417 89
29592.431 0.11969736842107331 76
29609.231 0.09138613861385707 101
29625.845 0.10196666666666311 90
29642.396 0.11326250000001892 80
29659.195 0.08840384615384139 104
29675.804 0.10039560439558905 91
29692.471 0.09823655913980904 93
29709.238 0.09145544554456425 101
29725.767 0.10581395348835518 86
29742.388 0.10060000000000097 90
29759.038 0.10269318181818479 88
29775.805 0.10041758241757154 91
29792.421 0.11080487804877233 82
29809.273 0.09089215686275137 102
29825.774 0.11383749999999963 80
29842.544 0.10585057471267312 87
29859.122 0.09306122448978553 98
29875.795 0.09507291666663302 96
29892.465 0.10145555555556914 90
29909.257 0.11568750000001274 80
29925.891 0.12463513513510996 74
29942.365 0.12719718309862926 71
29959.098 0.10828571428573057 84
29975.746 0.09762365591395596 93
29992.648 0.09803157894738863 95
30009.121 0.11259259259258002 81
