58.149 0.5099230769230769 78
98.494 0.20011718749999996 128
138.087 0.19770542635658908 129
161.25 0.08260344827586201 116
175.557 0.06477372262773719 137
192.887 0.129081081081081 74
208.873 0.08698039215686261 102
225.814 0.09330612244897965 98
242.155 0.08906060606060613 99
258.6 0.07886238532110121 109
275.893 0.09318181818181784 99
292.536 0.08442201834862384 109
309.191 0.09099999999999975 101
325.616 0.09722826086956514 92
342.578 0.07833898305084722 118
359.132 0.09127999999999986 100
375.413 0.095054347826087 92
392.512 0.0865754716981134 106
409.103 0.10109999999999988 90
425.311 0.09599999999999985 90
442.49 0.0984193548387099 93
459.68 0.12903999999999996 75
475.15 0.08568686868686873 99
491.632 0.09117582417582445 91
508.408 0.07641818181818187 110
525.113 0.07816666666666673 108
542.386 0.1005666666666659 90
559.045 0.09622340425531871 94
575.64 0.09969999999999951 90
591.702 0.09507954545454501 88
608.028 0.09333720930232609 86
624.972 0.07908571428571404 105
640.927 0.07909375000000078 96
658.198 0.08033333333333294 102
674.559 0.07371962616822356 107
691.557 0.07212280701754369 114
708.246 0.09161111111111116 90
724.783 0.09436046511627917 86
741.603 0.08796808510638304 94
758.207 0.09432183908045996 87
774.819 0.09259090909090807 88
790.7 0.07293069306930791 101
807.869 0.08737777777777814 90
824.775 0.07571962616822407 107
841.446 0.09542352941176459 85
858.065 0.07676190476190532 105
874.375 0.08109473684210475 95
891.463 0.09027777777777778 90
908.054 0.10454545454545396 77
924.79 0.08461458333333265 96
941.476 0.08476041666666607 96
958.128 0.07666981132075534 106
974.72 0.08476842105263155 95
991.383 0.09146590909091014 88
1008.099 0.08613829787234142 94
1024.84 0.07779999999999876 105
1040.709 0.0776210526315792 95
1058.018 0.09211494252873706 87
1075.606 0.08678787878787977 99
1091.87 0.0870918367346924 98
1108.622 0.0927096774193556 93
1124.77 0.10388461538461623 78
1141.912 0.09974418604651134 86
1158.514 0.09673863636363546 88
1175.2 0.08981052631579108 95
1192.045 0.08540196078431385 102
1208.551 0.09715909090909039 88
1225.02 0.10707692307692422 78
1241.163 0.07827999999999974 100
1258.593 0.09763636363636476 88
1275.099 0.08970212765957464 94
1291.27 0.08916853932584182 89
1308.607 0.08042990654205602 107
1325.321 0.0865300000000002 100
1341.914 0.08494059405940546 101
1358.659 0.0809252336448608 107
1375.287 0.0845000000000014 102
1392.018 0.08598019801980167 101
1408.602 0.13439062500000176 64
1425.312 0.08559405940594042 101
1441.929 0.09241935483870997 93
1458.499 0.11036363636363698 77
1475.282 0.09571111111111147 90
1491.889 0.10184523809523614 84
1508.551 0.10962820512820425 78
1525.2 0.09922093023255964 86
1541.904 0.10201190476190429 84
1558.648 0.0971685393258417 89
1575.194 0.09474444444444494 90
1591.956 0.10025581395348655 86
1608.597 0.09658426966292138 89
1625.361 0.08961855670103311 97
1641.494 0.07771428571428433 105
1658.047 0.10728000000000065 75
1675.249 0.09864367816092078 87
1691.85 0.11353333333333164 75
1708.593 0.09989534883721073 86
1725.193 0.10792405063291224 79
1741.669 0.08335000000000037 100
1758.515 0.10775949367088794 79
1775.148 0.11306666666666691 75
1791.945 0.08697979797979673 99
1808.573 0.08837113402061976 97
1825.262 0.10878481012658292 79
1841.88 0.10682500000000061 80
1858.549 0.10423170731707349 82
1875.285 0.10019767441860684 86
1891.957 0.11055128205128266 78
1908.572 0.10581481481481374 81
1924.5 0.08514130434782699 92
1941.884 0.12759701492537281 67
1958.556 0.08641414141414205 99
1975.247 0.11438666666666904 75
1991.957 0.08291346153846199 104
2008.528 0.1184166666666676 72
2025.258 0.09873563218390972 87
2041.917 0.10096470588235153 85
2058.61 0.10127058823529617 85
2075.211 0.08059433962263836 106
2091.21 0.08468817204301295 93
2108.526 0.08524999999999636 100
2125.203 0.0981149425287363 87
2141.914 0.11142857142857639 77
2158.546 0.11548648648648407 74
2175.285 0.11047435897435556 78
2191.903 0.10449999999999951 82
2208.632 0.0992068965517225 87
2225.244 0.09858620689655431 87
2241.855 0.10649999999999978 80
2258.516 0.1001764705882338 85
2275.314 0.09937931034482449 87
2291.942 0.09563333333333301 90
2308.626 0.1105897435897462 78
2325.323 0.08243809523809476 105
2341.922 0.08762244897959172 98
2358.563 0.09012631578947261 95
2375.242 0.09970930232558457 86
2391.378 0.10182278481013068 79
2408.662 0.08749494949494754 99
2425.254 0.09647191011235715 89
2441.918 0.10217857142857242 84
2458.544 0.102939759036143 83
2475.23 0.10074117647058943 85
2491.112 0.09601234567901289 81
2508.585 0.10729999999999791 80
2525.277 0.10498780487804785 82
2541.894 0.10699999999999932 80
2558.579 0.08843298969072139 97
2575.223 0.11720547945205534 73
2591.956 0.09172340425532233 94
2608.574 0.09024210526315647 95
2625.286 0.08617999999999938 100
2641.828 0.13270312499999903 64
2658.572 0.12604411764705753 68
2675.275 0.09564444444444639 90
2691.858 0.10788607594936885 79
2708.656 0.08922680412370872 97
2725.297 0.09179787234042452 94
2741.589 0.0868842105263148 95
2758.036 0.08733695652173755 92
2774.958 0.10362499999999955 80
2791.966 0.10154117647058657 85
2808.549 0.0982528735632158 87
2825.314 0.10418072289156548 83
2841.913 0.09747727272727244 88
2857.864 0.09954430379746877 79
2875.27 0.0851683168316818 101
2891.946 0.08612000000000081 100
2908.692 0.08278095238095246 105
2925.153 0.10347560975609357 82
2941.303 0.0960120481927717 83
2958.522 0.09065957446808441 94
2975.195 0.0958202247191039 89
2991.329 0.08689130434782763 92
3008.698 0.07906363636363328 110
3025.236 0.08924999999999746 96
3041.246 0.08889887640449733 89
3058.576 0.10208333333333117 84
3075.362 0.08201886792452792 106
3091.901 0.0911382978723405 94
3108.561 0.09839080459770053 87
3124.942 0.13133333333333155 63
3141.856 0.10786075949367323 79
3158.611 0.10630864197530711 81
3174.685 0.08351041666666485 96
3191.881 0.09824137931034511 87
3208.334 0.09364044943820037 89
3225.315 0.08824489795918508 98
3241.869 0.10535802469135933 81
3258.274 0.11179729729729301 74
3275.259 0.10738749999999868 80
3291.963 0.08988541666667042 96
3308.602 0.09773863636363248 88
3325.295 0.1078374999999994 80
3341.592 0.10322500000000331 80
3357.97 0.09374117647058644 85
3375.3 0.10791250000000333 80
3391.815 0.10096428571428835 84
3408.567 0.09309782608695712 92
3425.321 0.10302380952380948 84
3441.86 0.1052592592592629 81
3458.592 0.11767123287671433 73
3475.319 0.10950632911392202 79
3491.899 0.12063380281690218 71
3508.082 0.09396511627906601 86
3525.224 0.09200000000000043 93
3541.897 0.12410144927536379 69
3558.589 0.10602469135802146 81
3575.147 0.08653061224489815 98
3591.94 0.10493902439024412 82
3608.577 0.10587654320987681 81
3625.127 0.10708860759493717 79
3641.858 0.09576404494382178 89
3658.107 0.0953529411764708 85
3674.404 0.0831827956989234 93
3691.54 0.10256249999999908 80
3708.464 0.0940222222222221 90
3725.167 0.11643835616438356 73
3741.893 0.08915625000000205 96
3757.929 0.08345263157894614 95
3775.216 0.08997894736841867 95
3791.921 0.0903789473684188 95
3808.505 0.09143010752688341 93
3825.355 0.09547252747252859 91
3841.839 0.10498765432098649 81
3858.506 0.08677551020408067 98
3875.234 0.09310869565217178 92
3891.491 0.08962637362637306 91
3908.642 0.08388349514562983 103
3925.203 0.10283132530120306 83
3941.947 0.107650000000001 80
3958.554 0.10182142857142719 84
3975.21 0.09386813186813095 91
3991.835 0.10367073170731955 82
4008.563 0.10314457831325481 83
4025.258 0.11012820512820116 78
4041.865 0.08446534653465296 101
4057.787 0.08847727272726823 88
4074.89 0.0923932584269658 89
4091.883 0.10554320987654293 81
4108.25 0.10183950617283699 81
4125.198 0.11077922077922929 77
4141.891 0.09103191489361477 94
4158.499 0.0817019230769172 104
4175.22 0.09295652173913684 92
4191.867 0.10280722891566695 83
4208.519 0.09060638297872155 94
4225.126 0.10070238095237896 84
4241.131 0.09507317073171069 82
4258.529 0.12357971014492816 69
4275.238 0.10988461538461426 78
4291.705 0.09965476190476304 84
4308.388 0.09752325581395019 86
4324.753 0.09511764705882396 85
4341.828 0.11175000000000516 76
4358.506 0.09777011494253234 87
4375.236 0.08484158415841095 101
4391.816 0.102192771084337 83
4408.632 0.08719191919191523 99
4425.273 0.09057894736842603 95
4441.758 0.0968160919540204 87
4458.615 0.11799999999999422 73
4475.297 0.08064485981308323 107
4491.967 0.08808163265305721 98
4508.481 0.10096428571428294 84
4524.634 0.08385263157895105 95
4541.921 0.11449333333333925 75
4558.511 0.1001176470588261 85
4575.259 0.11454666666667132 75
4591.708 0.08373999999999797 100
4608.565 0.10841772151898228 79
4625.196 0.125411764705886 68
4641.732 0.08313861386138549 101
4658.542 0.08991578947368811 95
4675.167 0.08854166666666667 96
4691.907 0.10204761904762043 84
4708.337 0.10688461538462107 78
4724.415 0.07747000000000298 100
4741.229 0.08674725274725531 91
4758.433 0.09921176470588226 85
4774.644 0.10778378378379146 74
4791.059 0.08879310344828005 87
4808.664 0.09520879120878857 91
4825.189 0.10519753086420544 81
4841.888 0.0822403846153835 104
4858.552 0.08301941747572307 103
4875.179 0.09896511627907467 86
4891.807 0.09310989010988963 91
4908.251 0.08967391304347826 92
4925.215 0.09938372093023815 86
4941.855 0.08876041666666386 96
4958.486 0.09222826086956167 92
4975.14 0.10207228915663448 83
4991.974 0.08907216494845699 97
5008.297 0.0911648351648282 91
5025.145 0.09632954545455422 88
5041.867 0.10038823529412184 85
5058.59 0.08855670103092933 97
5075.248 0.0932608695652166 92
5091.909 0.09220430107526686 93
5108.626 0.09375 92
5125.203 0.11854166666667727 72
5141.894 0.09617977528090338 89
5158.554 0.09196774193548261 93
5175.094 0.10942857142857644 77
5191.801 0.08300980392157405 102
5208.604 0.08517821782178282 101
5225.198 0.10402439024391043 82
5241.92 0.09332608695652435 92
5258.533 0.10280722891566695 83
5275.371 0.09158064516128844 93
5291.932 0.09447252747252476 91
5308.532 0.0948000000000017 90
5325.295 0.10920253164557478 79
5341.248 0.09421428571428285 84
5358.505 0.12150000000000157 70
5375.301 0.09384782608695667 92
5391.878 0.105469135802465 81
5408.534 0.10666249999999308 80
5425.24 0.09217204301075393 93
5441.916 0.11754794520548124 73
5458.456 0.09609090909091057 88
5475.191 0.10147619047618373 84
5491.841 0.09777011494253234 87
5508.304 0.1203478260869578 69
5525.224 0.09301086956521509 92
5541.032 0.09163095238095377 84
5557.905 0.09085057471263841 87
5574.495 0.09319047619047047 84
5591.692 0.08891489361702314 94
5608.558 0.10309638554216613 83
5624.652 0.08773626373626789 91
5641.885 0.09096808510638708 94
5658.48 0.11776388888888 72
5675.298 0.09380434782608814 92
5691.902 0.10447560975609765 82
5708.527 0.0835980392156867 102
5725.182 0.11992957746478053 71
5741.859 0.10523456790123879 81
5758.045 0.09810975609756187 82
5774.768 0.08902197802197426 91
5791.186 0.09346428571428164 84
5808.611 0.07687499999999707 112
5825.247 0.08754081632653707 98
5841.462 0.10983783783784609 74
5858.547 0.08217307692307084 104
5875.194 0.1039756097561067 82
5891.336 0.08991011235955514 89
5908.261 0.0917777777777802 90
5925.268 0.09664044943819841 89
5941.192 0.10475999999999962 75
5958.432 0.10282926829268035 82
5975.211 0.08543000000000575 100
5991.465 0.09238636363636488 88
6008.445 0.10052380952380363 84
6025.274 0.0915531914893689 94
6041.777 0.08980851063829795 94
6058.537 0.10538271604938343 81
6074.563 0.09628048780488337 82
6091.9 0.10076470588234823 85
6108.112 0.09322988505746985 87
6125.098 0.11093421052631033 76
6141.831 0.09440000000000105 90
6158.578 0.08750000000000742 98
6174.586 0.08896629213483792 89
6191.86 0.08788659793814058 97
6208.533 0.09806896551724313 87
6225.227 0.10567901234567273 81
6241.843 0.10129761904761922 84
6258.574 0.08748979591836341 98
6275.276 0.11477333333333566 75
6291.266 0.09013636363636124 88
6307.925 0.09904999999999972 80
6324.691 0.08446315789473087 95
6341.878 0.0938791208791172 91
6358.606 0.07822727272726876 110
6375.234 0.08567000000000008 100
6391.762 0.0834455445544543 101
6408.593 0.0885876288659778 97
6425.127 0.1175000000000005 72
6445.55 0.14196511627906783 86
6458.164 0.1118219178082131 73
6474.415 0.0956543209876493 81
6491.347 0.08346874999999916 96
6508.585 0.12091549295774699 71
6525.231 0.10978205128205258 78
6541.544 0.10135802469135848 81
6558.549 0.09714772727272702 88
6575.201 0.09481111111111508 90
6591.958 0.0907684210526273 95
6608.567 0.09112765957446599 94
6625.231 0.1084050632911316 79
6641.852 0.09789655172413593 87
6658.585 0.11005128205127991 78
6675.281 0.09162765957447111 94
6691.947 0.10131764705882447 85
6708.617 0.10906329113924032 79
6725.307 0.10798750000000154 80
6741.945 0.09358695652173557 92
6757.795 0.0856483516483502 91
6774.657 0.08877777777777535 90
6792.327 0.11102469135802955 81
6808.091 0.08170707070707012 99
6825.213 0.10816455696202623 79
6841.674 0.11423287671232797 73
6858.564 0.11415999999999864 75
6875.106 0.08523232323232426 99
6891.969 0.10660493827160764 81
6908.686 0.08431067961164357 103
6925.311 0.10941772151897877 79
6941.852 0.1026144578313232 83
6958.584 0.1086329113923978 79
6975.234 0.09624719101124396 89
6991.898 0.10316867469879641 83
7008.615 0.09787499999999288 88
7025.245 0.08492079207921015 101
7041.96 0.10648148148148148 81
7058.021 0.10023749999999154 80
7075.258 0.10874683544303089 79
7091.931 0.10882278481012345 79
7108.661 0.09311827956989091 93
7125.389 0.09277659574468573 94
7142.095 0.10307058823529908 85
7158.535 0.10534567901233885 81
7175.192 0.10269879518072701 83
7191.91 0.10209523809523835 84
7208.687 0.08772727272726759 99
7225.21 0.08806185567010692 97
7241.93 0.09767045454545743 88
7258.593 0.09875862068965108 87
7275.259 0.10227380952381368 84
7291.877 0.09186021505376962 93
7308.289 0.08724210526315322 95
7324.739 0.08235714285714196 98
7341.358 0.09221839080459929 87
7358.54 0.09382417582417095 91
7375.174 0.09890697674418969 86
7391.204 0.08371276595744348 94
7408.567 0.09623595505617528 89
7425.265 0.09882758620689605 87
7441.876 0.0938571428571447 91
7458.522 0.09362637362636843 91
7474.976 0.09774117647058815 85
7491.866 0.12015492957746407 71
7508.556 0.0972045454545361 88
7524.802 0.09459302325580592 86
7541.863 0.09803448275862588 87
7558.573 0.09523333333333237 90
7574.535 0.0971234567901258 81
7591.425 0.09630952380952554 84
7608.801 0.09165624999999977 96
7625.261 0.09991860465117158 86
7642.031 0.07906363636363742 110
7657.872 0.10931944444444576 72
7675.191 0.10146428571428737 84
7691.453 0.10407692307692812 78
7708.65 0.09940229885056585 87
7725.304 0.08636999999999716 100
7741.983 0.09503296703296855 91
7758.527 0.09472222222221818 90
7775.233 0.10320481927710606 83
7791.976 0.09392391304347415 92
7808.6 0.0877448979591853 98
7824.581 0.10693243243243873 74
7841.532 0.09759523809524191 84
7858.584 0.09227956989246694 93
7875.16 0.11475675675675931 74
7891.891 0.10831645569619987 79
7908.663 0.10692592592591542 81
7925.236 0.11579729729729062 74
7941.907 0.09854022988506116 87
7958.56 0.09104255319148928 94
7975.208 0.10047058823529369 85
7991.946 0.09463736263736351 91
8008.614 0.09065263157893863 95
8025.317 0.10948101265823218 79
8041.958 0.10389156626505533 83
8058.574 0.09524444444443564 90
8075.221 0.10431707317072168 82
8091.497 0.10203750000000582 80
8107.927 0.10567999999999302 75
8125.246 0.08844329896906931 97
8141.932 0.10485365853658483 82
8158.625 0.10026744186046038 86
8175.285 0.0979318181818123 88
8191.084 0.08516483516483517 91
8208.363 0.09089130434781707 92
8225.275 0.1117792207792204 77
8241.945 0.09258064516129658 93
8258.1 0.09527058823529361 85
8274.657 0.08498936170212316 94
8291.894 0.08915625000001152 96
8308.553 0.09194623655913416 93
8325.313 0.09005208333333788 96
8341.914 0.09030526315791097 95
8358.134 0.1056103896103845 77
8375.164 0.09546067415731466 89
8391.26 0.08805555555556768 90
8408.546 0.10548148148147986 81
8425.254 0.10101176470589587 85
8441.976 0.09602222222222029 90
8458.637 0.09089473684210755 95
8475.31 0.09602222222222029 90
8491.88 0.09936046511627991 86
8508.564 0.1297272727272712 66
8525.21 0.0970681818181757 88
8541.962 0.09481318681317354 91
8558.574 0.1085189873417762 79
8574.884 0.09665882352941588 85
8591.857 0.08971578947367609 95
8608.053 0.08848351648351296 91
8625.199 0.11079220779221895 77
8641.936 0.10489024390244595 82
8658.606 0.11032051282050723 78
8675.255 0.11153246753246412 77
8691.905 0.09630337078651588 89
8708.615 0.11187012987012439 77
8725.281 0.08880412371135461 97
8741.831 0.0933626373626484 91
8758.535 0.10803797468354247 79
8775.256 0.11765753424657455 73
8791.931 0.1048292682926996 82
8808.653 0.11693243243243577 74
8825.29 0.08798979591838176 98
8842.018 0.07966055045872387 109
8858.642 0.09708988764044518 89
8875.215 0.100564705882361 85
8891.859 0.10396341463414191 82
8908.328 0.08859574468084595 94
8925.282 0.10768749999999727 80
8941.89 0.09833333333333667 87
8958.22 0.08837634408601228 93
8975.202 0.09378021978021595 91
8991.926 0.09441758241756851 91
9008.552 0.10428048780487166 82
9025.277 0.10898734177215927 79
9041.945 0.08786734693876497 98
9058.63 0.08459803921567643 102
9074.405 0.09210714285715464 84
9091.971 0.10161176470586832 85
9108.33 0.09358426966291825 89
9125.215 0.10685000000000855 80
9141.43 0.09096629213482639 89
9157.942 0.10878082191779306 73
9175.304 0.10661728395062249 81
9191.946 0.09064210526316617 95
9208.542 0.10291566265059593 83
9225.248 0.10095294117647213 85
9241.888 0.0939890109890297 91
9258.643 0.09393478260869376 92
9275.259 0.0859100000000035 100
9291.808 0.10460493827162685 81
9308.522 0.09794252873563955 87
9324.516 0.07847999999999956 100
9341.907 0.09742045454543752 88
9358.016 0.09107954545453883 88
9375.354 0.0954505494505461 91
9391.92 0.08942708333334319 96
9407.863 0.0802244897959099 98
9424.925 0.09277528089887199 89
9441.886 0.11876388888890688 72
9458.076 0.08873626373625175 91
9475.272 0.08518811881189285 101
9491.975 0.09707865168540715 89
9508.525 0.10148809523809091 84
9524.589 0.09210465116279391 86
9541.868 0.1015833333333484 84
9558.314 0.10264197530864574 81
9575.269 0.09348913043478878 92
9591.828 0.10358536585364363 82
9608.622 0.09074736842104406 95
9625.027 0.0879894736842145 95
9641.87 0.10670000000000072 80
9658.584 0.10467073170732363 82
9675.201 0.0853399999999965 100
9691.88 0.11097402597402692 77
9708.522 0.09682954545455273 88
9725.285 0.10772500000000491 80
9741.948 0.08789795918366916 98
9758.557 0.09301086956522499 92
9775.22 0.10429268292682536 82
9792.188 0.10177011494252138 87
9808.553 0.09944186046511255 86
9825.252 0.08415686274510531 102
9841.41 0.08411458333334092 96
9858.569 0.08483168316830991 101
9874.926 0.08976086956521534 92
9891.332 0.09193103448275394 87
9908.841 0.11788000000000466 75
9925.284 0.1118961038961037 77
9941.947 0.1025238095238213 84
9958.473 0.13239062499999932 64
9974.446 0.08642222222222497 90
9991.927 0.09763636363636992 88
10008.701 0.09666666666665454 90
10025.311 0.09098947368421298 95
10041.956 0.09473626373627476 91
10058.49 0.09538202247190537 89
10075.315 0.08914432989691591 97
10091.955 0.10641975308642963 81
10108.622 0.08796938775509372 98
10125.329 0.09415217391304632 92
10141.885 0.09941860465117548 86
10158.594 0.09442857142855976 91
10175.11 0.1042345679012484 81
10191.34 0.09529761904763118 84
10208.08 0.08595744680850986 94
10225.34 0.1044939759036227 83
10241.838 0.10901282051282835 78
10258.585 0.10468292682925516 82
10275.094 0.07141525423728542 118
10291.886 0.11713698630138761 73
10308.224 0.11265753424657754 73
10325.328 0.11546666666666473 75
10342.21 0.09342105263157895 95
10358.632 0.11356578947367636 76
10374.556 0.08963636363637306 88
10391.7 0.11305405405405386 74
10408.586 0.09435164835164099 91
10424.679 0.08432631578947812 95
10441.905 0.08835051546393327 97
10458.557 0.10562962962963574 81
10474.7 0.09450588235295607 85
10491.882 0.10551851851852445 81
10508.612 0.10013953488371129 86
10525.173 0.09890697674420026 86
10541.937 0.10240476190477109 84
10558.666 0.08495098039214759 102
10574.624 0.10200000000000167 78
10591.92 0.09134042553190777 94
10608.639 0.11997222222220848 72
10625.0 0.08959139784946596 93
10641.963 0.09694382022472597 89
10658.564 0.1019404761904774 84
10675.298 0.08065420560748615 107
10691.937 0.09250537634407695 93
10708.598 0.09344565217391035 92
10725.028 0.0960919540229952 87
10741.742 0.10253658536584692 82
10758.571 0.11581081081080688 74
10774.485 0.09534146341464782 82
10791.973 0.09289247311827112 93
10808.52 0.11998591549296103 71
10825.275 0.10246428571428537 84
10841.238 0.11623529411762694 68
10858.636 0.09703370786517328 89
10875.282 0.1037831325301154 83
10891.959 0.11057692307692307 78
10908.527 0.1253823529411741 68
10925.299 0.08991666666668152 96
10941.955 0.09170212765958298 94
10958.627 0.0889278350515485 97
10975.232 0.09732954545455125 88
10991.918 0.0903473684210583 95
11008.654 0.10425301204819575 83
11025.251 0.09643820224719706 89
11041.633 0.10244444444445289 81
11058.613 0.09463736263735352 91
11075.22 0.10559259259259116 81
11091.976 0.09392391304349391 92
11108.603 0.10003488372092041 86
11124.743 0.11373239436620743 71
11141.89 0.09721590909091239 88
11158.606 0.10493902439023858 82
11175.05 0.10348148148147664 81
11191.957 0.10143529411766126 85
11208.651 0.10421686746987513 83
11225.011 0.12092753623189798 69
11241.887 0.08468316831683054 101
11258.705 0.08290476190476122 105
11274.717 0.08562765957447753 94
11291.495 0.08775268817204364 93
11308.548 0.100564705882361 85
11324.777 0.11109589041096687 73
11341.517 0.0879892473118181 93
11358.622 0.09171276595743814 94
11375.248 0.10094117647058738 85
11391.96 0.09175531914893617 94
11408.631 0.1027380952380857 84
11425.186 0.08691836734693907 98
11441.947 0.0861200000000099 100
11458.52 0.11210526315790048 76
11475.246 0.1033614457831292 83
11491.999 0.09120000000000704 95
11508.553 0.10180952380951999 84
11525.302 0.09812500000000247 88
11541.997 0.10965822784808414 79
11558.641 0.08307692307691748 104
11575.26 0.1035180722891633 83
11591.195 0.08361702127660194 94
11607.896 0.0951204819277161 83
11625.263 0.08510891089110265 101
11641.912 0.10722499999999399 80
11658.484 0.1010000000000045 84
11675.293 0.09080000000000214 95
11691.98 0.10291666666667186 84
11708.607 0.10008139534883687 86
11725.293 0.09583333333333334 90
11741.956 0.10263095238096434 84
11758.631 0.11355263157893684 76
11775.224 0.1030963855421771 83
11791.919 0.0986666666666752 87
11808.415 0.11220000000001164 75
11825.082 0.09783720930233336 86
11841.816 0.11945070422537445 71
11858.544 0.08993684210526177 95
11875.23 0.12059154929577322 71
11891.675 0.1083116883116902 77
11908.541 0.09596629213482312 89
11925.27 0.09776136363637472 88
11941.902 0.10708750000001147 80
11958.598 0.10883544303797413 79
11975.281 0.09464835164836476 91
11991.245 0.09093103448275928 87
12008.444 0.09178260869564679 92
12025.255 0.10870886075949035 79
12041.872 0.10044705882351349 85
12058.268 0.09502298850574512 87
12074.45 0.09050000000001472 86
12091.926 0.10606172839506604 81
12108.568 0.1112727272727182 77
12125.301 0.10929113924050651 79
12141.921 0.10101176470589587 85
12158.593 0.0954666666666728 90
12175.344 0.08853061224489261 98
12191.865 0.11374666666665387 75
12208.189 0.09520930232558258 86
12225.265 0.09245161290322533 93
12241.492 0.10732894736843503 76
12258.619 0.09367391304348253 92
12275.284 0.08704040404040596 99
12291.885 0.08907291666666121 96
12308.59 0.0833980582524286 103
12325.278 0.09784090909091571 88
12341.895 0.10313253012049771 83
12358.656 0.09512087912088855 91
12374.563 0.09180232558140043 86
12391.984 0.08563366336634902 101
12408.583 0.09864367816092338 87
12425.321 0.09108421052631839 95
12441.922 0.10602469135802146 81
12458.602 0.1023928571428639 84
12475.262 0.1227714285714423 70
12491.127 0.09620987654320574 81
12508.294 0.11519444444444263 72
12525.302 0.09702247191011482 89
12541.956 0.09910344827585504 87
12558.617 0.09468131868131852 91
12575.307 0.10408433734941004 83
12591.941 0.09354347826088681 92
12608.364 0.08992473118278897 93
12625.317 0.10296428571427896 84
12641.509 0.09083333333332524 90
12657.983 0.09174712643678128 87
12674.417 0.08423913043478261 92
12691.869 0.10283132530120306 83
12708.544 0.09492222222221851 90
12725.21 0.12032394366196712 71
12741.844 0.11345333333333353 75
12758.291 0.0952873563218282 87
12775.044 0.08377000000000408 100
12792.036 0.10358333333334442 84
12808.542 0.09931395348836346 86
12824.889 0.10026829268292381 82
12841.74 0.09888235294118418 85
12858.631 0.09919540229884137 87
12875.209 0.10812658227849722 79
12891.844 0.09894186046511645 86
12908.617 0.0906947368421051 95
12925.296 0.10651851851852606 81
12941.467 0.10040740740740507 81
12958.627 0.09480219780220228 91
12975.321 0.08163207547170044 106
12991.975 0.09494505494506854 91
13008.171 0.09963414634146431 82
13025.468 0.10864197530865545 81
13041.838 0.09447777777778457 90
13058.527 0.09915116279069819 86
13075.284 0.0844803921568646 102
13091.948 0.10504878048779973 82
13108.583 0.10727500000000419 80
13125.288 0.09795454545455455 88
13141.181 0.09340476190477819 84
13158.368 0.10867532467532978 77
13175.16 0.11175000000000516 76
13191.579 0.09475862068966202 87
13207.825 0.08150000000000546 96
13225.331 0.10191764705882901 85
13241.916 0.10465853658534775 82
13258.476 0.09313186813187213 91
13275.282 0.09679775280898631 89
13291.356 0.08444210526314763 95
13308.514 0.11055844155842871 77
13325.273 0.10123529411764193 85
13341.588 0.09486206896552427 87
13358.548 0.10550617283950958 81
13375.276 0.08783673469387933 98
13391.971 0.10661728395062249 81
13408.452 0.10696202531644187 79
13424.639 0.08052525252525003 99
13441.858 0.11518918918918152 74
13458.607 0.08871134020618107 97
13475.266 0.11023076923076867 78
13491.799 0.1071392405063514 79
13508.613 0.08786734693876497 98
13525.342 0.08674000000000888 100
13541.906 0.09524444444444574 90
13558.594 0.09044210526314457 95
13575.233 0.08651515151515667 99
13591.974 0.09706741573034869 89
13608.532 0.09477777777776485 90
13625.237 0.11129870129869752 77
13641.658 0.11891428571426721 70
13658.576 0.09220430107525708 93
13675.336 0.08936082474226459 97
13691.958 0.09912643678160685 87
13707.755 0.09340963855420231 83
13724.948 0.10097560975610555 82
13741.933 0.09448351648353599 91
13758.582 0.1072499999999991 80
13775.246 0.10859493670885725 79
13791.354 0.09662650602407973 83
13808.918 0.09288541666666106 96
13825.307 0.09191489361703443 94
13841.979 0.08731313131313366 99
13858.619 0.09070526315789673 95
13875.263 0.0924193548387222 93
13891.999 0.08330769230769874 104
13908.715 0.10014942528735331 87
13924.871 0.08545833333333046 96
13942.004 0.09964367816093894 87
13958.677 0.09131578947367655 95
13975.25 0.1114545454545498 77
13991.955 0.09796590909089983 88
14008.334 0.0816862745098072 102
14025.088 0.095681818181819 88
14041.572 0.08670526315790515 95
14058.641 0.10163529411763782 85
14074.765 0.09875609756097507 82
14091.911 0.09221505376345088 93
14108.573 0.1207183098591537 71
14125.271 0.1178493150685065 73
14141.72 0.09528409090909339 88
14158.664 0.11249350649350989 77
14174.966 0.0922000000000076 90
14191.339 0.10816216216217317 74
14208.597 0.09657303370785782 89
14225.309 0.10047674418604212 86
14241.923 0.10223809523811378 84
14258.487 0.09866279069766004 86
14274.479 0.08584615384615273 91
14291.957 0.09372826086956079 92
14308.591 0.10873417721519171 79
14325.17 0.10762025316456211 79
14341.842 0.13293749999999704 64
14358.225 0.10819736842105206 76
14375.34 0.10323809523810096 84
14391.371 0.09681927710843444 83
14408.546 0.10679999999999837 80
14425.239 0.09523333333333237 90
14441.861 0.09369230769232592 91
14457.776 0.09841772151898273 79
14475.252 0.1281194029850857 67
14491.827 0.08754639175257926 97
14508.474 0.08734020618556446 97
14525.337 0.09030208333333196 96
14541.939 0.1162702702702862 74
14558.616 0.10134117647058327 85
14575.207 0.11386666666667832 75
14591.954 0.0979431818181886 88
14608.477 0.07996226415094874 106
14625.333 0.10195294117648326 85
14642.623 0.09777894736840895 95
14659.071 0.10076666666666118 90
14676.069 0.11901265822784865 79
14691.999 0.10314285714286511 84
14708.649 0.08157547169810402 106
14725.274 0.09780681818181786 88
14741.93 0.09048421052631105 95
14758.527 0.1253823529411741 68
14775.175 0.10769620253164318 79
14792.003 0.08844897959185188 98
14808.541 0.11089610389608896 77
14825.279 0.09065263157895778 95
14841.963 0.11659459459460285 74
14857.882 0.10648648648647567 74
14875.259 0.0954666666666728 90
14891.904 0.09021052631578641 95
14908.563 0.09728409090908743 88
14925.266 0.10485365853658483 82
14941.928 0.10353012048193683 83
14958.578 0.10587654320986559 81
14975.229 0.10192857142857022 84
14991.9 0.11897222222220687 72
15008.376 0.09517045454545454 88
15025.239 0.10327710843373634 83
15041.965 0.07845454545455471 110
15058.545 0.10548148148147986 81
15075.325 0.09513186813187981 91
15091.68 0.07451785714285311 112
15108.504 0.08950526315790117 95
15125.271 0.10003488372094158 86
15141.934 0.08958333333331818 96
15158.288 0.08542268041237173 97
15175.144 0.126522388059713 67
15191.833 0.10894871794873605 78
15208.654 0.09944827586206947 87
15225.294 0.08803061224490212 98
15242.044 0.09072916666665758 96
15258.588 0.10471951219511627 82
15275.302 0.10040697674418858 86
15291.898 0.09842528735632301 87
15308.612 0.10630864197529588 81
15325.348 0.0904166666666697 96
15341.803 0.09008510638298678 94
15358.62 0.09684269662922018 89
15375.463 0.09772222222222303 90
15391.982 0.10294047619048624 84
15408.519 0.10019999999999794 85
15424.922 0.10861842105264498 76
15441.548 0.12077941176472878 68
15458.523 0.0990813953488235 86
15475.024 0.08614432989690482 97
15491.891 0.10831645569618835 79
15508.558 0.10065882352941759 85
15525.306 0.09492307692308603 91
15541.692 0.11606944444444404 72
15558.028 0.11465714285714057 70
15575.246 0.10997435897435281 78
15592.105 0.10828395061726939 81
15608.616 0.10135294117646802 85
15624.453 0.09732500000000073 80
15641.912 0.08328155339805358 103
15658.613 0.0956777777777663 90
15675.27 0.09351086956522799 92
15691.932 0.10234523809525681 84
15708.523 0.09795402298849454 87
15725.29 0.10644444444445936 81
15742.014 0.11272727272725289 77
15758.581 0.1033614457831292 83
15775.222 0.10183333333333437 84
15791.986 0.10298809523811499 84
15808.698 0.08051851851851771 108
15825.308 0.11220779220780827 77
15841.896 0.10192857142857022 84
15858.57 0.08319417475727675 103
15875.327 0.09515384615384231 91
15891.867 0.11376000000001417 75
15907.96 0.088422222222208 90
15925.264 0.11617567567567233 74
15941.222 0.08481720430106462 93
15958.521 0.09905813953488643 86
15975.203 0.10041176470588065 85
15991.336 0.09197701149423665 87
16008.58 0.09223655913977978 93
16025.414 0.09717777777778894 90
16041.986 0.09612222222224065 90
16058.503 0.10242168674699041 83
16074.909 0.09810714285714268 84
16091.938 0.10122352941175718 85
16108.496 0.10233734939757563 83
16125.253 0.11150649350650843 77
16141.922 0.10223809523809212 84
16158.568 0.10707499999998618 80
16175.292 0.09912643678160685 87
16191.96 0.10648148148148148 81
16208.556 0.10306024096385648 83
16224.504 0.1017662337662487 77
16241.884 0.10961538461537529 78
16258.435 0.0926703296703196 91
16275.224 0.09722727272727835 88
16291.896 0.10441463414634022 82
16308.526 0.09686363636362992 88
16325.325 0.1095822784810261 79
16341.915 0.0922580645161478 93
16358.536 0.09589887640449275 89
16375.214 0.10817721518987691 79
16391.277 0.08924719101120766 89
16408.312 0.09032608695653598 92
16425.314 0.08823469387752252 98
16441.853 0.11357333333333372 75
16458.296 0.09319101123593315 89
16475.341 0.09427173913042244 92
16491.961 0.1052073170731757 82
16508.561 0.09616853932585512 89
16525.24 0.10583950617284346 81
16541.785 0.11268000000001242 75
16558.598 0.1061358024691552 81
16574.491 0.07670588235294631 102
16592.019 0.09542857142858358 91
16608.527 0.10029411764703314 85
16625.337 0.08256190476188618 105
16641.326 0.07399074074075745 108
16658.685 0.0986704545454648 88
16675.365 0.10606097560975752 82
16691.984 0.09009375000001303 96
16708.53 0.11371999999998177 75
16725.263 0.09445054945052227 91
16741.203 0.09835000000002765 80
16758.549 0.09824137931032943 87
16775.118 0.11901408450700127 71
16791.932 0.08862886597939765 97
16808.604 0.08434313725489369 102
16824.822 0.10322784810125109 79
16841.961 0.09177659574468519 94
16857.812 0.08582417582419022 91
16875.229 0.08000934579437267 107
16891.947 0.11332894736843675 76
16908.555 0.08552999999999883 100
16924.544 0.0884943820224742 89
16941.82 0.1131333333333411 75
16958.635 0.0854752475247326 101
16975.244 0.10459756097557923 82
16991.885 0.08300970873785701 103
17008.543 0.1041707317073327 82
17024.697 0.08192857142855747 98
17041.469 0.0935057471264602 87
17058.608 0.10125882352941143 85
17074.559 0.07890999999999622 100
17091.995 0.09311827956989091 93
17107.853 0.10469333333331936 75
17124.703 0.07580188679245145 106
17141.948 0.09570000000001326 90
17158.394 0.0902473118279573 93
17175.184 0.0990348837209282 86
17191.917 0.10728750000002947 80
17208.667 0.08413592233010754 103
17225.297 0.0917978723403955 94
17241.855 0.0946777777777849 90
17258.335 0.09922619047618009 84
17275.37 0.10612195121948167 82
17291.998 0.08751515151515828 99
17308.457 0.07618018018016497 111
17325.199 0.12015492957745126 71
17341.147 0.0897931034482956 87
17358.61 0.09159574468085725 94
17375.332 0.1082999999999629 80
17391.931 0.09344565217393012 92
17408.855 0.1093209876543156 81
17425.299 0.10154117647055981 85
17442.021 0.09048958333335122 96
17457.767 0.08535164835164644 91
17475.236 0.09521111111110561 90
17491.999 0.1031547619047723 84
17508.608 0.0989425287356342 87
17525.296 0.10032558139531364 86
17541.894 0.10566666666668031 81
17558.521 0.08875000000000455 96
17575.15 0.10345121951219725 82
17591.894 0.1141333333333508 75
17608.582 0.11001282051279887 78
17625.256 0.0943736263736235 91
17641.868 0.10535802469135372 81
17658.604 0.08961458333332455 96
17675.619 0.10530588235290933 85
17691.831 0.09135483870966865 93
17708.459 0.1158630136986126 73
17724.937 0.09963855421687273 83
17742.011 0.07959633027522456 109
17758.626 0.08625 100
17775.308 0.07513043478260363 115
17791.983 0.10811250000001564 80
17808.632 0.10655555555557064 81
17825.138 0.07990566037733515 106
17841.951 0.0853168316831882 101
17858.561 0.11727397260276046 73
17875.256 0.09987209302325514 86
17891.254 0.0965853658536816 82
17908.63 0.08377669902913412 103
17925.315 0.09102105263154954 95
17941.916 0.0858100000000195 100
17958.101 0.07641509433960891 106
17975.259 0.0842254901960462 102
17991.941 0.10758749999999964 80
18008.583 0.08332038834950015 103
18025.292 0.10518292682926829 82
18041.892 0.11259210526316708 76
18058.585 0.09231182795697986 93
18075.172 0.09448888888885752 90
18091.464 0.0874086021505464 93
18108.619 0.08793877551018953 98
18124.797 0.07893203883492603 103
18141.148 0.09413253012050507 83
18157.799 0.10683561643834341 73
18175.28 0.08971874999997453 96
18191.924 0.09761363636363801 88
18208.659 0.09019791666666303 96
18225.284 0.09790909090907007 88
18241.979 0.09294623655914229 93
18258.63 0.09805681818182745 88
18274.912 0.09262921348313233 89
18291.529 0.13216129032257268 62
18308.153 0.08860869565215461 92
18325.255 0.09136170212765679 94
18341.966 0.09181914893618322 94
18358.689 0.09987356321837342 87
18375.266 0.10614814814812515 81
18391.905 0.09965116279069429 86
18408.564 0.11122077922075957 77
18425.324 0.11241558441557194 77
18441.924 0.09873563218390972 87
18457.783 0.10808333333332282 72
18474.523 0.11723880597014273 67
18491.971 0.10280952380955048 84
18508.509 0.1119473684210262 76
18525.129 0.0972643678160866 87
18541.944 0.08523762376237998 101
18558.596 0.09880459770116515 87
18575.289 0.08708080808079985 99
18591.925 0.110128205128207 78
18607.725 0.07802020202018527 99
18625.341 0.09637777777776743 90
18641.87 0.09591011235955121 89
18658.563 0.0984137931034262 87
18675.257 0.09873563218390972 87
18691.944 0.12478260869566062 69
18708.651 0.10422891566267059 83
18724.984 0.08753684210525152 95
18741.859 0.09797701149426725 87
18758.475 0.09853488372091095 86
18775.294 0.10269047619047862 84
18791.987 0.11236363636366055 77
18808.504 0.10370731707318066 82
18825.265 0.09145744680848865 94
18841.911 0.10333734939760404 83
18858.589 0.09041052631578886 95
18874.893 0.1054487179486993 78
18891.866 0.10278313253015274 83
18908.521 0.10519753086420544 81
18924.828 0.10329113924050448 79
18941.818 0.0964090909090952 88
18958.638 0.12164788732392685 71
18975.045 0.1060506329113541 79
18991.885 0.0909574468085029 94
19008.088 0.09086516853932061 89
19025.303 0.08811224489794285 98
19042.036 0.11602666666668181 75
19057.818 0.0774059405940525 101
19074.859 0.09989024390242554 82
19091.928 0.10354216867471036 83
19108.601 0.0934782608695494 92
19125.334 0.10195294117644045 85
19141.897 0.09620224719103053 89
19158.541 0.11090909090910225 77
19175.273 0.09252688172042542 93
19191.299 0.08752747252747413 91
19208.164 0.09276136363636893 88
19225.326 0.09411956521738751 92
19241.949 0.09467032967034726 91
19258.573 0.10989743589743739 78
19275.331 0.09023958333330029 96
19291.915 0.11289473684212824 76
19308.604 0.10891139240505518 79
19325.012 0.08973118279567233 93
19341.904 0.09965116279069429 86
19358.376 0.09006451612903445 93
19375.228 0.0847524752475017 101
19391.975 0.08553465346533876 101
19408.37 0.09620689655171243 87
19424.765 0.0987560975609529 82
19441.48 0.0866489361702174 94
19458.634 0.0854752475247326 101
19475.269 0.0977499999999881 88
19491.95 0.09903448275864143 87
19508.603 0.0915106382978612 94
19525.204 0.10805063291139314 79
19541.978 0.09294623655914229 93
19558.567 0.09845977011492982 87
19575.253 0.10099999999998972 85
19591.53 0.12232835820895392 67
19608.567 0.10576543209875429 81
19625.312 0.09294623655914229 93
19641.922 0.09233333333332833 93
19658.365 0.10200000000001704 82
19675.223 0.09300000000000538 92
19691.665 0.10544303797470565 79
19708.573 0.11906944444444889 72
19724.977 0.0977529411764408 85
19741.951 0.11643243243245682 74
19758.15 0.10316455696204374 79
19775.224 0.1111168831168423 77
19791.76 0.10030952380951758 84
19808.644 0.0949780219780223 91
19825.225 0.09835632183904668 87
19841.882 0.09290217391306847 92
19858.528 0.10527160493824969 81
19875.281 0.0990114942528478 87
19891.296 0.08946067415729814 89
19908.568 0.11423999999999068 75
19925.2 0.10939743589742881 78
19941.974 0.09706741573032825 89
19958.541 0.1154054054054172 74
19975.334 0.10195294117644045 85
19991.977 0.10412048192770874 83
20008.503 0.10628750000000764 80
20025.247 0.10859493670883423 79
20041.907 0.09023157894736965 95
20058.651 0.08399029126215203 103
20075.661 0.10967073170729968 82
20091.996 0.11864383561643915 73
20107.908 0.10542666666665658 75
20125.257 0.0810283018867919 106
20141.245 0.10272727272727084 77
20158.512 0.09782758620688049 87
20175.332 0.09218085106380038 94
20191.937 0.09557777777780656 90
20208.602 0.08959374999998697 96
20225.301 0.0899374999999812 96
20241.883 0.09498888888891896 90
20258.584 0.09980232558138045 86
20275.19 0.08609090909088293 99
20291.93 0.09446153846155349 91
20308.551 0.09717045454544859 88
20325.323 0.10686419753085234 81
20341.943 0.08522772277227895 101
20358.606 0.09457142857142602 91
20375.238 0.09315217391304031 92
20391.92 0.0986896551724061 87
20408.622 0.09074736842104406 95
20425.018 0.09709302325579704 86
20441.896 0.09408791208793096 91
20458.489 0.10744303797469865 79
20474.85 0.09298863636360527 88
20491.926 0.09874712643678563 87
20508.634 0.10038372093020921 86
20524.726 0.09156818181815073 88
20541.843 0.10250602409640518 83
20558.511 0.10910256410254358 78
20575.193 0.09167741935481744 93
20591.899 0.09623595505620594 89
20607.89 0.10956944444443353 72
20625.176 0.10128571428569037 84
20641.941 0.09457142857142602 91
20658.503 0.096613636363641 88
20675.19 0.11836111111107231 72
20691.962 0.1078375000000051 80
20708.627 0.09914942528735866 87
20725.222 0.10183333333333437 84
20741.908 0.08839175257732498 97
20758.313 0.12047826086954033 69
20775.239 0.08242307692307804 104
20791.861 0.09688636363638249 88
20808.147 0.11008108108108973 74
20825.326 0.08488235294117105 102
20841.962 0.11060256410256933 78
20858.534 0.0927608695652136 92
20875.307 0.08907216494844761 97
20891.494 0.09598823529411354 85
20908.546 0.09090425531913036 94
20925.194 0.0968977272727071 88
20941.916 0.08939583333335577 96
20958.611 0.1050000000000071 82
20975.199 0.11375999999998991 75
20991.814 0.1046790123456711 81
21008.524 0.08356862745099267 102
21025.171 0.09553932584266261 89
21041.811 0.09855813953491147 86
21058.545 0.10679999999997562 80
21075.059 0.09120652173912633 92
21091.857 0.09364835164836093 91
21108.24 0.10429113924052401 79
21125.293 0.09692134831460902 89
21142.005 0.08584158415843457 101
21158.569 0.11579729729729062 74
21175.231 0.0995697674418405 86
21191.912 0.09322826086957756 92
21208.608 0.0761681415929201 113
21225.244 0.08576999999997498 100
21241.918 0.10468292682929953 82
21258.491 0.08491000000001804 100
21274.419 0.09452439024390492 82
21291.825 0.09759770114944603 87
21308.298 0.10372499999998581 80
21325.232 0.10841772151897076 79
21341.887 0.09718181818181454 88
21358.468 0.09621590909091537 88
21375.207 0.09488888888885817 90
21391.883 0.10686250000003383 80
21408.582 0.1072624999999789 80
21425.237 0.09314130434782071 92
21441.846 0.10638750000002802 80
21458.569 0.10079999999999179 85
21475.28 0.09360869565214512 92
21491.855 0.11360000000000582 75
21508.564 0.09110638297870731 94
21525.27 0.10240476190474943 84
21541.922 0.11008974358973762 78
21558.581 0.11142857142854685 77
21574.929 0.09953012048191089 83
21591.843 0.10770886075951688 79
21607.856 0.08183333333333091 96
21625.262 0.11161038961035484 77
21641.886 0.09718181818181454 88
21658.518 0.09569662921348118 89
21675.146 0.10214457831324285 83
21691.513 0.11853623188405923 69
21708.444 0.09078494623655163 93
21725.289 0.08057943925233074 107
21741.966 0.10155294117648736 85
21758.482 0.09748275862068698 87
21774.514 0.09568292682924061 82
21791.821 0.09428888888889762 90
21808.395 0.09649425287356823 87
21825.225 0.10565432098762055 81
21841.301 0.0737592592592625 108
21858.464 0.11755555555555475 72
21875.13 0.09615909090908561 88
21891.881 0.11706849315071363 73
21908.553 0.13571428571427416 63
21925.241 0.08747959183673797 98
21941.822 0.09755172413794241 87
21958.57 0.09115957446807985 94
21975.2 0.10666249999999308 80
21991.229 0.09180232558140043 86
22008.613 0.08362135922331256 103
22025.279 0.1025119047618708 84
22041.895 0.08310679611651757 103
22058.487 0.08239805825243679 103
22075.233 0.10575308641973943 81
22091.822 0.09984705882354106 85
22108.548 0.10423170731705685 82
22125.223 0.09006315789474205 95
22141.913 0.10336144578315111 83
22157.937 0.08720879120880784 91
22174.794 0.09130337078651914 89
22191.9 0.09516666666669253 90
22208.509 0.10251807228913488 83
22225.27 0.09666292134830512 89
22241.884 0.09941860465115433 86
22258.582 0.08580999999998312 100
22275.195 0.10658749999997781 80
22291.951 0.09903448275864143 87
22308.51 0.10251807228913488 83
22325.094 0.10942857142856463 77
22341.83 0.09879069767445144 86
22358.554 0.09397802197801847 91
22374.762 0.08798913043475572 92
22391.785 0.11575342465754421 73
22407.903 0.10130769230766955 78
22425.235 0.08082075471697261 106
22441.989 0.10683950617286753 81
22458.605 0.10123529411764193 85
22475.212 0.09599999999997809 89
22491.814 0.09021276595744217 94
22508.535 0.09589887640449275 89
22525.236 0.10072941176472608 85
22541.857 0.09685227272728464 88
22558.586 0.11149350649349515 77
22575.116 0.11417567567568275 74
22591.74 0.10007142857146045 84
22608.395 0.09327777777778262 90
22624.66 0.09403529411763029 85
22641.851 0.08431683168316458 101
22658.115 0.08632978723405958 94
22675.136 0.10857692307688875 78
22691.822 0.10744303797469865 79
22708.546 0.08544999999998254 100
22725.235 0.09519999999999224 90
22741.844 0.11656164383564155 73
22758.604 0.09351086956520822 92
22775.222 0.09401098901099221 91
22791.851 0.08779381443298578 97
22808.471 0.10204819277109836 83
22825.148 0.11777777777777171 72
22841.326 0.10244871794874108 78
22858.48 0.0997647058823478 85
22875.154 0.09983529411761351 85
22891.946 0.10502439024391451 82
22908.626 0.09080000000000214 95
22925.324 0.0983749999999914 88
22941.927 0.08030841121496034 107
22958.589 0.09234408602150256 93
22975.176 0.09780459770112869 87
22991.363 0.09334883720932635 86
23008.473 0.08558585858587651 99
23025.144 0.10729113924049048 79
23041.841 0.10905128205129773 78
23058.609 0.09671910112359747 89
23075.191 0.0957752808988496 89
23091.015 0.09974025974026351 77
23108.47 0.1008333333333472 84
23125.259 0.09874712643674381 87
23141.304 0.0926744186046647 86
23158.46 0.11431081081079626 74
23175.182 0.10382926829267335 82
23191.819 0.10475308641976028 81
23208.496 0.09764367816090783 87
23225.053 0.07047058823528238 119
23241.863 0.08444554455447792 101
23258.619 0.1133947368420865 76
23274.656 0.09741463414631164 82
23291.794 0.10192771084340681 83
23308.537 0.090819148936173 94
23324.482 0.07974489795917031 98
23341.927 0.09441758241758849 91
23358.475 0.09111827956987463 93
23375.27 0.0934999999999886 92
23391.794 0.09095698924733937 93
23408.054 0.09475294117647162 85
23425.212 0.09599999999997809 89
23441.867 0.105333333333324 81
23458.475 0.09521348314604877 89
23475.23 0.11120779220776991 77
23491.943 0.09565555555555975 90
23508.499 0.11331999999999728 75
23525.206 0.08453465346531512 101
23541.824 0.09538202247192581 89
23558.491 0.10748101265825069 79
23575.268 0.0819142857142738 105
23591.847 0.0915268817204564 93
23608.483 0.10097619047619014 84
23625.201 0.09588764044943428 89
23641.833 0.10117857142856901 84
23658.503 0.10900000000000522 78
23675.068 0.09767441860462578 86
23691.847 0.10256626506027287 83
23708.512 0.11053246753244939 77
23725.29 0.08133962264150367 106
23741.901 0.1070875000000342 80
23758.526 0.09687500000001653 88
23775.239 0.09023157894736965 95
23791.892 0.10067058823530234 85
23808.598 0.0796018518518664 108
23824.458 0.09058139534880506 86
23841.829 0.09544943820227662 89
23858.572 0.07721621621621542 111
23875.252 0.10343373493974851 83
23891.919 0.09035789473686906 95
23908.458 0.12815151515149575 66
23924.771 0.08904395604394677 91
23941.735 0.08937234042554956 94
23957.812 0.08310638297874168 94
23975.169 0.10368292682927326 82
23991.817 0.09980000000000205 85
24008.495 0.09036170212764658 94
24024.67 0.09642168674695148 83
24041.836 0.10495061728395313 81
24058.514 0.10381707317071964 82
24075.237 0.08008411214952808 107
24091.889 0.09721590909091239 88
24108.567 0.09624719101122353 89
24125.256 0.0913723404255313 94
24141.865 0.10155952380955569 84
24158.51 0.11499999999997837 74
24175.207 0.09384615384612346 91
24191.874 0.09816091954023992 87
24208.488 0.09535955056180886 89
24225.211 0.08542999999997847 100
24241.785 0.09712643678161756 87
24258.579 0.0840980392156994 102
24275.217 0.09826436781608125 87
24291.798 0.09618181818181752 88
24307.979 0.0927674418604553 86
24325.198 0.08281553398057122 103
24341.853 0.08872916666666697 96
24358.491 0.09539325842698428 89
24374.658 0.10654666666664223 75
24391.911 0.08934375000001182 96
24408.476 0.0856060606060459 99
24425.231 0.0910957446808328 94
24441.836 0.1089871794871821 78
24458.571 0.09738636363636033 88
24475.323 0.0883265306122351 98
24491.975 0.08554455445543978 101
24508.596 0.08953125000001212 96
24525.221 0.09945348837209167 86
24541.921 0.09037894736841401 95
24558.644 0.11681081081081396 74
24574.613 0.0810714285714256 98
24591.348 0.09317441860468195 86
24608.572 0.09630337078651588 89
24625.184 0.10138095238094788 84
24641.749 0.10788461538462658 78
24657.943 0.08539784946235589 93
24675.209 0.09817241379307401 87
24691.851 0.11667123287670994 73
24708.025 0.10698666666668336 75
24724.956 0.09750588235290386 85
24741.824 0.10480246913581971 81
24758.612 0.08877319587629676 97
24775.261 0.09341304347823176 92
24791.894 0.10312048192772416 83
24808.573 0.08929166666666788 96
24825.291 0.13065151515150897 66
24841.354 0.10414285714286017 77
24858.474 0.10864102564100438 78
24874.982 0.10939473684208535 76
24891.914 0.08329126213593731 103
24908.633 0.09485714285715853 91
24925.225 0.07709909909907445 111
24941.863 0.0789629629629821 108
24958.537 0.09080851063829849 94
24975.122 0.11582191780819326 73
24991.883 0.10176190476193456 84
25008.349 0.1005783132529896 83
25025.284 0.11336842105260746 76
25041.904 0.09628089887639893 89
25058.429 0.08965957446808387 94
25075.187 0.09260869565217866 92
25091.89 0.09612359550562125 89
25108.526 0.10272289156628504 83
25124.942 0.08529896907214035 97
25141.688 0.10848051948050852 77
25158.595 0.0859400000000096 100
25175.294 0.08457843137255301 102
25191.89 0.10969230769231404 78
25208.068 0.0906404494381921 89
25224.657 0.09743902439021906 82
25241.928 0.09655056179776131 89
25258.585 0.09035789473683077 95
25275.105 0.09810465116276836 86
25291.496 0.09170786516854226 89
25308.504 0.0924239130434849 92
25325.228 0.09107446808508378 94
25341.881 0.1124473684210802 76
25358.504 0.10122619047619776 84
25375.224 0.09507777777774512 90
25391.914 0.09533333333335274 90
25408.532 0.11686301369861699 73
25425.25 0.09642696629211815 89
25441.11 0.07775000000001456 100
25458.594 0.09045263157895533 95
25475.2 0.09481111111110496 90
25491.825 0.11025974025976105 77
25508.571 0.09851724137930934 87
25525.159 0.099905882352922 85
25541.776 0.10963636363639917 77
25558.502 0.09771264367816326 87
25575.224 0.09723863636360296 88
25591.889 0.09504444444444542 90
25608.615 0.12484057971016517 69
25625.281 0.07830909090907054 110
25641.876 0.08292233009709783 103
25658.545 0.10293975903612108 83
25675.277 0.09460439560435978 91
25691.595 0.09718823529414401 85
25707.878 0.07096396396396763 111
25725.212 0.09821839080457763 87
25741.938 0.11029487179486097 78
25758.518 0.10919230769230545 78
25775.139 0.08824999999997847 96
25791.867 0.11849999999998949 72
25807.884 0.09498795180720718 83
25825.155 0.10608749999996689 80
25841.96 0.1002906976744186 86
25858.284 0.09980722891565845 83
25875.155 0.09984705882349826 85
25891.879 0.09494444444446547 90
25908.46 0.10573749999998654 80
25925.247 0.09324999999997723 92
25941.607 0.09967469879519335 83
25958.444 0.09381111111110335 90
25974.416 0.10471621621621346 74
25991.668 0.0724608695652379 115
26008.288 0.09311235955056474 89
26025.168 0.10495061728395313 81
26041.804 0.09848837209303679 86
26058.596 0.11019230769232262 78
26075.183 0.1182638888888808 72
26091.984 0.08737373737375208 99
26108.59 0.0923548387096768 93
26125.199 0.10404878048779564 82
26141.734 0.10909090909092799 77
26158.073 0.07913725490196193 102
26175.339 0.09743820224717598 89
26191.927 0.10478048780488479 82
26208.491 0.09647727272729091 88
26225.116 0.0949325842696688 89
26241.84 0.08678571428572468 98
26258.579 0.09427472527474222 91
26275.207 0.10543209876539797 81
26291.863 0.12542647058826867 68
26308.469 0.09733333333334203 87
26325.276 0.09459340659340851 91
26341.608 0.11030666666668064 75
26358.177 0.08428865979380903 97
26375.139 0.08823958333330968 96
26391.516 0.10489743589744485 78
26408.672 0.10704938271603034 81
26425.168 0.09340659340659341 91
26441.828 0.09231521739132839 92
26458.606 0.08781632653060988 98
26475.169 0.0988488372093047 86
26491.836 0.0924130434782653 92
26508.058 0.12207575757576816 66
26524.937 0.0961627906976795 86
26541.887 0.10965384615384466 78
26558.498 0.11330666666666124 75
26575.265 0.09447252747250477 91
26591.662 0.1003373493976065 83
26608.594 0.0885979381443398 97
26625.131 0.09728735632183841 87
26641.845 0.08864583333335456 96
26658.575 0.09969767441861074 86
26674.671 0.07770873786405026 103
26691.873 0.09929069767442639 86
26708.566 0.10704999999998108 80
26725.28 0.08444117647056426 102
26741.932 0.10234523809525681 84
26758.212 0.09330681818181058 88
26775.251 0.09643820224717663 89
26791.939 0.0966741573033636 89
26808.436 0.10161445783133863 83
26825.191 0.09469999999997122 90
26841.945 0.1050000000000071 82
26858.091 0.08606382978723559 94
26875.281 0.10902531645566525 79
26891.881 0.10682500000002619 80
26907.903 0.08588043478258718 92
26925.175 0.10374390243899742 82
26941.529 0.10116049382715439 81
26958.404 0.09232967032965082 91
26975.2 0.10404878048779564 82
26991.865 0.10278313253015274 83
27008.608 0.12657352941176428 68
27025.287 0.11049999999998433 78
27041.944 0.09063157894737454 95
27058.568 0.11125974025972854 77
27075.147 0.11157894736841531 76
27091.638 0.10510126582278334 79
27107.836 0.1088055555555406 72
27125.315 0.09103157894734115 95
27141.97 0.11828767123290462 73
27158.595 0.08106603773585619 106
27175.256 0.10734999999999673 80
27191.934 0.08685858585860586 99
27208.571 0.09965116279069429 86
27225.253 0.0986896551724061 87
27241.857 0.1026746987951909 83
27258.654 0.09204255319147048 94
27275.217 0.10058823529410908 85
27291.695 0.08531632653062027 98
27308.646 0.0960555555555604 90
27325.212 0.10052941176468534 85
27341.941 0.09893103448275829 87
27358.334 0.10963157894734889 76
27374.662 0.10381818181816595 77
27391.656 0.09564367816091854 87
27408.573 0.10581481481481374 81
27424.641 0.09724390243900416 82
27441.27 0.10173076923078603 78
27458.545 0.08807216494843141 97
27475.261 0.10230952380949193 84
27491.148 0.10016666666669129 78
27508.584 0.0975227272727104 88
27524.811 0.08949450549450805 91
27541.956 0.10263095238094268 84
27558.628 0.08626000000000204 100
27575.217 0.10686249999998836 80
27591.918 0.09537777777780623 90
27608.581 0.10214285714283462 84
27625.149 0.11945070422534883 71
27641.902 0.10577777777776916 81
27658.592 0.0904315789473721 95
27675.305 0.08725252525251526 99
27691.714 0.09744186046512812 86
27708.366 0.08281188118813264 101
27725.262 0.09445054945052227 91
27741.884 0.09826436781608125 87
27758.56 0.08733673469388883 98
27775.252 0.09434065934064975 91
27791.845 0.08958947368423412 95
27808.546 0.11393333333331004 75
27824.88 0.08554166666666181 96
27841.867 0.08447524752474499 101
27858.627 0.10649382716049634 81
27874.932 0.08698947368420225 95
27891.945 0.08877319587629676 97
27908.53 0.1027469879517883 83
27925.196 0.09803448275860496 87
27941.996 0.0902291666666694 96
27958.602 0.09052631578945837 95
27975.279 0.10012790697671102 86
27991.846 0.11987323943665128 71
28008.635 0.08992708333331241 96
28025.21 0.10952564102561342 78
28041.884 0.11710958904108314 73
28057.689 0.11304411764703058 68
28074.461 0.07641176470586324 102
28091.16 0.11340579710145982 69
28108.489 0.09028723404256372 94
28125.296 0.0948241758241448 91
28141.914 0.10094117647060878 85
28158.308 0.08562886597938654 97
28174.394 0.08680898876403088 89
28191.302 0.08754945054945662 91
28208.262 0.09495402298848969 87
28225.233 0.08922916666665515 96
28241.805 0.09848837209303679 86
28258.582 0.09326086956519683 92
28274.827 0.09168539325842533 89
28291.927 0.09763636363636992 88
28308.277 0.08033980582522153 103
28325.329 0.08576237623762635 101
28341.982 0.09826136363637322 88
28358.501 0.09339560439560216 91
28375.042 0.079752380952379 105
28391.941 0.10495121951219229 82
28408.286 0.07670370370370047 108
28425.315 0.08158490566035292 106
28441.905 0.09315217391304031 92
28458.092 0.08091000000000349 100
28475.231 0.1141866666666465 75
28491.967 0.09485714285715853 91
28508.593 0.11454666666667132 75
28525.261 0.08858762886594967 97
28541.752 0.09674712643679632 87
28558.586 0.09132978723403326 94
28575.307 0.08999999999999393 96
28591.424 0.09516470588235226 85
28608.556 0.09401098901099221 91
28625.294 0.10392771084337595 83
28641.866 0.08795876288662764 97
28658.58 0.10334939759037758 83
28675.295 0.10032558139531364 86
28691.922 0.09135106382978228 94
28708.562 0.0961797752809136 89
28724.5 0.09551219512193312 82
28741.976 0.09095789473683812 95
28758.393 0.09645977011494052 87
28774.938 0.09729411764702116 85
28791.953 0.08706060606063046 99
28808.556 0.11881944444444849 72
28825.247 0.08578999999997905 100
28841.937 0.09351086956524776 92
28857.796 0.07872727272725304 99
28875.219 0.1239420289855026 69
28891.581 0.09588372093022308 86
28908.59 0.09234408602150256 93
28925.326 0.09411956521738751 92
28941.137 0.08127083333333 96
28958.538 0.09179569892473399 93
28975.271 0.0915212765957357 94
28991.904 0.09628089887639893 89
29008.589 0.11298684210525703 76
29025.216 0.10554320987653171 81
29041.864 0.10275903614460566 83
29058.294 0.08461224489797226 98
29075.268 0.12112676056335979 71
29091.975 0.08908247422680023 97
29108.477 0.1129999999999806 75
29125.329 0.07946788990825929 109
29141.897 0.1044268292683161 82
29158.539 0.10412195121951788 82
29175.231 0.11120779220776991 77
29191.832 0.09996470588234575 85
29208.582 0.12258571428569016 70
29225.261 0.0923978494623346 93
29241.863 0.12182857142860094 70
29258.518 0.09463333333333139 90
29275.247 0.10213095238092744 84
29291.942 0.09458241758241727 91
29308.554 0.106899999999996 80
29325.19 0.10652499999996508 80
29341.931 0.09447252747254474 91
29357.842 0.08810112359550955 89
29375.274 0.10495121951219229 82
29391.951 0.10906329113926334 79
29408.569 0.09735227272726248 88
29425.257 0.10736249999999928 80
29441.902 0.09848275862068162 87
29457.894 0.08867415730336882 89
29475.262 0.09046315789470866 95
29491.934 0.11025641025643824 78
29507.867 0.0819374999999809 96
29525.285 0.10020930232556481 86
29541.961 0.08985416666666879 96
29558.594 0.09991860465117158 86
29575.183 0.08601010101009512 99
29591.958 0.09475824175823729 91
29608.601 0.11024358974356847 78
29625.181 0.09674999999999107 88
29641.12 0.09493902439024213 82
29658.555 0.0971931818181805 88
29675.262 0.09241935483868308 93
29691.898 0.11730136986304002 73
29708.681 0.0859306930693078 101
29725.27 0.09453846153845226 91
29741.829 0.09652272727275472 88
29758.612 0.10898734177215927 79
29775.295 0.09177659574464649 94
29791.15 0.08226315789476135 95
29808.604 0.0851683168316728 101
29825.295 0.08894845360821622 97
29841.895 0.10191666666668468 84
29858.422 0.08958510638296231 94
29874.545 0.0856304347825758 92
29891.929 0.11936111111112445 72
29908.558 0.08642424242424743 99
29925.187 0.09906976744186555 86
29941.904 0.09521111111110561 90
29958.603 0.09665168539324666 89
29975.211 0.0821538461538274 104
29991.922 0.09135106382978228 94
30008.136 0.09684523809521904 84
