71.256 0.6612750000000001 80
97.706 0.09308800000000007 125
111.303 0.0925245901639344 122
126.316 0.10602197802197798 91
156.501 0.2361938775510203 98
194.28 0.20773275862068974 116
217.785 0.06304487179487185 156
226.413 0.08525000000000006 100
241.847 0.10014117647058825 85
258.962 0.10666666666666642 84
275.027 0.09393258426966307 89
291.677 0.08342000000000041 100
308.295 0.08374747474747471 99
324.998 0.0885851063829787 94
342.379 0.09720430107526903 93
358.536 0.0844752475247523 101
375.064 0.07116101694915294 118
391.597 0.09277528089887646 89
409.052 0.09625531914893619 94
425.02 0.07876415094339613 106
441.783 0.07541071428571453 112
458.974 0.10309195402298844 87
475.676 0.12168918918918913 74
492.406 0.09067999999999983 100
509.006 0.09376041666666642 96
525.475 0.10869135802469103 81
542.093 0.09837078651685388 89
559.009 0.09478947368421048 95
575.109 0.09927058823529397 85
592.271 0.10268965517241344 87
609.007 0.0957765957446801 94
624.696 0.09668674698795153 83
641.428 0.08702150537634366 93
658.117 0.08544210526315749 95
673.894 0.0776666666666662 93
691.367 0.09340697674418623 86
707.843 0.07764356435643549 101
723.894 0.07607368421052606 95
741.495 0.09831325301204781 83
758.009 0.07774757281553435 103
773.967 0.08294318181818157 88
790.777 0.07748958333333415 96
808.055 0.08948888888888859 90
824.696 0.08727173913043475 92
841.159 0.07825000000000046 100
857.216 0.08797560975609824 82
873.906 0.09651999999999893 75
890.546 0.10153521126760648 71
907.858 0.08928409090909058 88
923.882 0.08487058823529343 85
941.348 0.09211494252873574 87
957.571 0.08598863636363645 88
973.921 0.08150561797752831 89
991.352 0.10411688311688233 77
1007.281 0.09210126582278422 79
1024.526 0.10764383561643918 73
1041.089 0.1047972972972957 74
1057.249 0.09292307692307752 78
1073.856 0.08262068965517358 87
1091.46 0.08736559139784947 93
1107.698 0.10543835616438516 73
1124.313 0.08494444444444677 90
1141.832 0.10893589743589835 78
1157.829 0.08895454545454516 88
1174.615 0.10059493670886223 79
1191.033 0.0938902439024371 82
1208.226 0.09909638554217032 83
1225.061 0.08742708333333364 96
1241.833 0.09881395348837264 86
1257.687 0.08447252747252636 91
1275.119 0.09087096774193572 93
1291.913 0.09323913043478234 92
1308.397 0.11994285714285655 70
1324.599 0.09116091954023034 87
1341.811 0.10729113924050487 79
1358.389 0.1089350649350639 77
1374.32 0.10340540540540599 74
1391.321 0.09286046511627763 86
1408.494 0.10485185185185109 81
1424.677 0.08009000000000015 100
1441.115 0.075533980582524 103
1457.651 0.09684810126582363 79
1474.651 0.09175862068965718 87
1491.562 0.09244943820224537 89
1508.249 0.11147297297297329 74
1524.512 0.09805000000000064 80
1541.06 0.08679775280898774 89
1558.056 0.08390625000000067 96
1575.139 0.10206024096385546 83
1591.805 0.09626136363636367 88
1607.712 0.09762025316455683 79
1624.885 0.08471134020618658 97
1640.998 0.08152127659574479 94
1658.48 0.09317582417582464 91
1675.17 0.09887209302325763 86
1691.026 0.09988311688311728 77
1708.506 0.10500000000000134 81
1724.328 0.09575000000000103 80
1741.101 0.10211842105263413 76
1758.479 0.12466176470588367 68
1775.123 0.09947058823529593 85
1791.248 0.09310588235294102 85
1808.575 0.07654464285714369 112
1824.586 0.08515053763440963 93
1841.811 0.08923157894736697 95
1858.471 0.10721518987341806 79
1874.809 0.10306329113924118 79
1891.745 0.10256097560975433 82
1908.48 0.08652040816326573 98
1924.348 0.09365853658536663 82
1941.563 0.10970666666666753 75
1958.383 0.10477500000000077 80
1974.52 0.0957560975609767 82
1991.897 0.08648484848484746 99
2007.682 0.09721518987341853 79
2025.212 0.10051764705882467 85
2040.901 0.09115662650602446 83
2058.362 0.13704918032787095 61
2074.651 0.09979999999999904 80
2091.848 0.09786206896551866 87
2108.474 0.09109677419355061 93
2125.178 0.11657534246575019 73
2141.868 0.08797938144330006 97
2157.8 0.08862499999999975 88
2174.312 0.09323170731707295 82
2190.979 0.10921428571428546 70
2208.125 0.09907317073170484 82
2224.314 0.08221505376343796 93
2241.863 0.10153571428571424 84
2257.594 0.08436666666666497 90
2275.132 0.10076190476190407 84
2291.698 0.08362999999999829 100
2307.661 0.0945679012345661 81
2324.291 0.0941111111111117 81
2341.719 0.09750000000000254 86
2358.131 0.09034444444444287 90
2375.179 0.10255421686747195 83
2391.004 0.08918604651162876 86
2408.229 0.09457471264367369 87
2424.32 0.09219277108433788 83
2440.973 0.08487777777777915 90
2458.452 0.1173750000000003 72
2474.276 0.08094680851063749 94
2490.937 0.09747435897435981 78
2507.957 0.09144827586206525 87
2524.389 0.08214893617021497 94
2541.559 0.09452873563218575 87
2557.94 0.1044605263157875 76
2575.152 0.08747422680412502 97
2591.827 0.0884583333333353 96
2607.86 0.09703703703703861 81
2625.083 0.10929870129870348 77
2641.04 0.09512345679012256 81
2657.631 0.0829347826086919 92
2675.127 0.09504494382022284 89
2691.884 0.10425609756097534 82
2708.566 0.10196428571428096 84
2724.739 0.08679569892473243 93
2740.992 0.08415384615385008 91
2757.592 0.10844285714285563 70
2774.597 0.09219767441860567 86
2791.818 0.0975172413793147 87
2807.574 0.08605681818181665 88
2825.036 0.09195604395604327 91
2841.572 0.1004512195121961 82
2857.937 0.08817777777777439 90
2875.008 0.10048192771083965 83
2891.832 0.11483783783783848 74
2908.451 0.09285714285714086 91
2925.149 0.09977647058823255 85
2941.165 0.10039743589743758 78
2958.4 0.1063164556962011 79
2974.584 0.10276623376623391 77
2991.783 0.1017951807228924 83
3008.415 0.10016666666666381 84
3024.476 0.09296428571428805 84
3041.07 0.086910112359552 89
3058.48 0.09636363636363657 88
3074.677 0.08705434782608712 92
3091.501 0.10336708860759705 79
3108.492 0.11960563380281956 71
3124.463 0.09279761904761992 84
3141.082 0.09564197530864005 81
3157.727 0.09421951219511777 82
3175.053 0.08827368421052598 95
3191.801 0.09845348837209417 86
3207.751 0.09452439024390492 82
3224.679 0.09890123456790083 81
3241.824 0.09646590909090946 88
3258.103 0.09002222222222069 90
3275.214 0.10055294117647089 85
3290.954 0.08659090909091302 88
3308.368 0.10866233766233421 77
3324.333 0.09955844155844373 77
3341.634 0.11688732394366166 71
3358.275 0.08895698924731331 93
3374.25 0.09246341463414488 82
3391.011 0.09031764705882511 85
3407.619 0.09289024390244133 82
3424.876 0.10009756097561077 82
3441.767 0.09921176470588226 85
3457.706 0.0939512195121973 82
3475.092 0.09466292134831665 89
3491.756 0.10145783132529906 83
3507.771 0.07769000000000233 100
3524.306 0.09793589743589902 78
3541.408 0.11058904109588857 73
3558.173 0.09180898876404293 89
3574.968 0.10376249999999913 80
3591.799 0.09005319148936325 94
3608.548 0.08720408163265124 98
3625.141 0.0985348837209321 86
3641.902 0.07789090909091101 110
3658.106 0.09647619047619369 84
3674.56 0.09395238095237887 84
3691.391 0.10886486486486541 74
3708.595 0.09877011494252698 87
3724.335 0.07591089108910808 101
3740.919 0.08819767441860507 86
3758.513 0.09782758620689617 87
3775.141 0.10088095238095429 84
3791.288 0.09581927710843342 83
3808.392 0.09323333333332913 90
3825.122 0.11123684210525953 76
3841.723 0.10355555555555457 81
3858.513 0.09896511627906938 86
3875.304 0.09596666666666856 90
3891.785 0.11266666666666424 75
3908.022 0.0921839080459768 87
3925.004 0.12630303030302706 66
3941.41 0.085904255319147 94
3958.416 0.10788461538461491 78
3974.99 0.10274074074073657 81
3991.773 0.10817948717948848 78
4008.212 0.09774999999999745 84
4024.237 0.10512499999999944 72
4041.042 0.08660674157303465 89
4057.866 0.08837078651685149 89
4074.94 0.09731764705882276 85
4091.136 0.12189062499999892 64
4107.669 0.08712499999999389 88
4125.171 0.09774712643678052 87
4141.799 0.09404444444444379 90
4158.397 0.11499999999999352 73
4174.737 0.09274712643678637 87
4190.975 0.09204819277108828 83
4207.678 0.09716455696201869 79
4225.163 0.10359756097560842 82
4241.745 0.09894117647058652 85
4257.639 0.08485555555555241 90
4275.394 0.09915909090909736 88
4291.753 0.09789534883720778 86
4308.399 0.08840000000000145 95
4324.589 0.09319999999999495 85
4341.881 0.11098701298701658 77
4358.338 0.11580555555555191 72
4374.423 0.08914942528734947 87
4391.225 0.10381578947368852 76
4407.578 0.08326373626373874 91
4424.352 0.08005208333332803 96
4441.807 0.08735051546391707 97
4458.459 0.10443209876543003 81
4474.354 0.10249333333333198 75
4491.053 0.07795959595959441 99
4508.595 0.09445054945055224 91
4525.188 0.08969473684210243 95
4541.957 0.08371844660194662 103
4557.672 0.09243373493975386 83
4574.516 0.09125581395348786 86
4591.156 0.11015492957746356 71
4608.183 0.11689999999999989 70
4625.117 0.08894736842105072 95
4641.689 0.09713953488372407 86
4658.51 0.08424752475247539 101
4674.693 0.09668674698795839 83
4691.849 0.10642500000000155 80
4708.023 0.08816483516483668 91
4724.348 0.09253012048193121 83
4741.767 0.1124399999999999 75
4758.143 0.08754838709677232 93
4774.291 0.08863953488372676 86
4791.016 0.0775858585858544 99
4807.886 0.09981012658228125 79
4824.619 0.09466666666665853 84
4841.012 0.08254838709677075 93
4857.916 0.0965365853658557 82
4875.167 0.1 85
4891.385 0.10062500000000227 80
4907.708 0.08859770114942102 87
4924.999 0.0905652173912981 92
4941.839 0.12324637681159283 69
4958.453 0.11422972972973552 74
4974.292 0.10445205479452055 73
4991.63 0.10117073170732044 82
5008.477 0.1210857142857094 70
5025.138 0.10858974358974685 78
5041.068 0.08788636363636794 88
5057.55 0.08483146067415935 89
5074.265 0.09867532467532411 77
5091.217 0.09852499999999509 80
5108.419 0.1039259259259218 81
5125.162 0.09544943820224597 89
5141.0 0.1110869565217386 69
5158.51 0.1025180722891568 83
5175.134 0.1071772151898689 79
5191.189 0.10200000000000349 77
5208.519 0.09258695652173944 92
5225.114 0.10175903614457726 83
5241.523 0.11533802816901839 71
5258.581 0.08324271844660702 103
5275.177 0.09150537634407858 93
5291.152 0.09651851851852113 81
5308.544 0.10418292682926421 82
5325.146 0.1021445783132538 83
5341.794 0.11431081081080854 74
5358.401 0.10243902439023947 82
5375.029 0.12117391304348965 69
5391.784 0.09184782608695455 92
5407.628 0.10169333333332664 75
5425.224 0.12400000000000717 69
5441.275 0.10311688311687792 77
5458.577 0.10089411764705908 85
5474.549 0.0961097560975648 82
5490.98 0.08401098901098382 91
5507.632 0.10040789473683426 76
5524.266 0.09497499999999945 80
5541.171 0.07608737864078101 103
5557.617 0.08278260869565202 92
5575.129 0.09838372093023535 86
5591.807 0.09967058823529121 85
5607.768 0.09473170731707353 82
5625.213 0.11097402597402692 77
5641.739 0.11205333333332722 75
5657.583 0.10531944444443929 72
5674.313 0.09678481012657887 79
5691.155 0.08409677419354745 93
5708.185 0.09860240963855658 83
5725.148 0.10470370370370083 81
5741.163 0.08795505617976988 89
5757.597 0.10405479452054177 73
5774.885 0.10534615384616093 78
5791.75 0.09899999999999957 85
5808.507 0.08505999999999403 100
5824.687 0.07224324324324534 111
5841.016 0.09144047619047126 84
5857.724 0.08677528089887591 89
5874.455 0.09983333333333669 78
5891.842 0.13087692307691703 65
5907.784 0.09851898734176515 79
5924.423 0.10770833333333485 72
5941.285 0.09578313253011829 83
5958.325 0.10536708860759006 79
5974.562 0.09397619047619325 84
5991.236 0.08316842105262989 95
6007.719 0.10155263157894535 76
6024.81 0.08481250000000766 96
6041.045 0.08761363636363678 88
6057.967 0.09483333333332666 84
6074.592 0.09546987951807202 83
6091.363 0.08727173913043969 92
6107.653 0.10777464788732456 71
6124.279 0.07928125000000819 96
6140.999 0.08154255319148898 94
6157.601 0.09620253164556271 79
6174.81 0.07982352941177191 102
6190.979 0.09800000000000299 78
6207.78 0.07858585858585601 99
6225.168 0.08500999999999294 100
6241.825 0.09434444444444429 90
6257.724 0.0977721518987362 79
6275.163 0.10360975609755103 82
6291.769 0.10286585365854146 82
6308.469 0.10857692307692372 78
6325.085 0.0876770833333372 96
6340.98 0.08688636363636058 88
6357.641 0.09318292682926368 82
6374.359 0.08452747252747261 91
6391.83 0.10891025641025501 78
6408.512 0.10254216867469292 83
6425.116 0.10693670886076355 79
6445.384 0.1369204545454543 88
6457.691 0.10118421052631052 76
6475.124 0.0890210526315729 95
6490.951 0.1171846153846183 65
6508.502 0.09140860215053982 93
6525.181 0.07882407407407334 108
6541.872 0.11536486486486841 74
6557.875 0.08466666666666448 93
6574.755 0.10236708860760055 79
6591.201 0.10926388888889152 72
6608.311 0.09131868131867572 91
6624.458 0.09501219512194217 82
6641.829 0.0913440860215042 93
6658.473 0.08146153846153609 104
6675.123 0.10702531645569528 79
6690.92 0.10835714285714337 70
6707.615 0.09516249999999218 80
6725.186 0.09159139784946267 93
6741.327 0.07993000000000393 100
6757.676 0.08526666666666642 90
6774.725 0.09825609756098413 82
6791.043 0.09636249999999791 80
6808.44 0.09482022471909433 89
6824.36 0.08546666666666675 90
6841.879 0.1068125000000009 80
6858.035 0.1029871794871724 78
6875.248 0.09863218390803703 87
6890.939 0.08640909090909397 88
6907.968 0.10212820512819795 78
6924.411 0.09109411764706345 85
6941.792 0.09720689655172798 87
6958.094 0.10510389610389412 77
6974.859 0.08903260869565992 92
6991.407 0.08679569892473243 93
7008.513 0.08684693877550523 98
7024.725 0.08853846153846921 91
7041.877 0.1203098591549348 71
7057.563 0.10357534246574923 73
7075.184 0.08964210526316349 95
7091.768 0.09693103448275854 87
7107.76 0.09946153846153603 78
7124.32 0.09219277108433788 83
7141.843 0.10634999999999764 80
7158.158 0.08769892473118225 93
7174.402 0.09319277108433341 83
7191.815 0.09860465116278562 86
7208.213 0.08050980392156407 102
7224.337 0.09961038961039055 77
7240.946 0.10014473684210363 76
7257.565 0.09224390243901702 82
7274.8 0.09347126436782204 87
7291.017 0.0817234042553169 94
7307.645 0.09435802469135839 81
7324.47 0.0702882882882936 111
7341.039 0.09751898734176866 79
7358.42 0.1153150684931461 73
7374.549 0.09272941176470126 85
7391.241 0.10007594936708797 79
7408.48 0.11155263157893626 76
7424.772 0.08024752475247092 101
7441.038 0.09280722891565686 83
7457.699 0.07330476190475435 105
7474.347 0.09972727272727386 77
7491.805 0.11604109589041724 73
7507.757 0.09232142857141905 84
7524.383 0.0866853932584286 89
7541.562 0.09678823529411602 85
7557.565 0.10805714285713423 70
7574.271 0.09625316455695392 79
7591.455 0.11436619718309705 71
7607.84 0.08708888888888598 90
7624.3 0.09784615384616047 78
7641.039 0.08109473684210235 95
7658.427 0.10941558441557496 77
7674.564 0.09075862068966253 87
7690.974 0.10051315789473847 76
7708.396 0.11344594594593956 74
7725.21 0.08991578947368811 95
7741.814 0.10600000000000591 80
7757.798 0.09744999999999208 80
7774.313 0.08994117647059337 85
7791.52 0.102312500000005 80
7808.519 0.10140476190476225 84
7825.129 0.11282666666666046 75
7841.344 0.1040129870129872 77
7857.876 0.10094871794871534 78
7874.277 0.08270652173913455 92
7891.339 0.08425263157894637 95
7907.907 0.09759259259258946 81
7924.292 0.09412345679013218 81
7941.873 0.11537837837837238 74
7958.451 0.10430864197530389 81
7975.069 0.09232967032967081 91
7991.824 0.11169736842104708 76
8007.86 0.10205194805193851 77
8025.119 0.1280606060605957 66
8040.994 0.08803448275861668 87
8058.477 0.10727848101265132 79
8074.587 0.08516129032258143 93
8091.394 0.10467532467532988 77
8108.406 0.09442696629212968 89
8124.564 0.10528000000000853 75
8140.976 0.07877319587628476 97
8158.01 0.09534523809523827 84
8174.457 0.0986075949367084 79
8190.972 0.08679545454545363 88
8207.863 0.10078205128203803 78
8225.088 0.10269512195122288 82
8241.836 0.0894947368420904 95
8257.628 0.10169333333333877 75
8275.082 0.10517500000000837 80
8291.706 0.11014473684211848 76
8307.809 0.09758749999998599 80
8325.137 0.08915789473685436 95
8341.603 0.10084146341461481 82
8358.515 0.11351999999998952 75
8374.389 0.08303225806451348 93
8391.799 0.09301098901100836 91
8407.987 0.09982499999998709 80
8424.732 0.12800000000000486 63
8441.873 0.0853899999999885 100
8457.766 0.10493243243242456 74
8474.42 0.10201315789474488 76
8491.035 0.09059999999998955 85
8508.469 0.1209714285714134 70
8524.316 0.07966666666667759 96
8541.857 0.0926413043478177 92
8557.642 0.08884883720929793 86
8575.224 0.10065882352941759 85
8591.831 0.0933626373626484 91
8608.594 0.08679797979796906 99
8625.099 0.12220289855073477 69
8641.85 0.09256521739130023 92
8658.096 0.09638095238094702 84
8675.184 0.11206578947368191 76
8691.887 0.09502222222223887 90
8708.41 0.12014285714285507 70
8724.291 0.10302702702702428 74
8740.947 0.09515000000001236 80
8758.546 0.09937209302325903 86
8774.448 0.1023684210526402 76
8790.926 0.09371604938272037 81
8808.129 0.10838666666667753 75
8824.329 0.09821794871794946 78
8841.819 0.0998117647058868 85
8858.402 0.10911688311688368 77
8874.366 0.08459340659341011 91
8891.769 0.1139864864864796 74
8907.786 0.08554945054944894 91
8924.537 0.09716049382717037 81
8941.053 0.08771590909089934 88
8958.408 0.10130120481927045 83
8974.596 0.08345263157894614 95
8991.81 0.09416666666667071 90
9008.42 0.09354444444444299 90
9025.203 0.10942307692307505 78
9041.772 0.09374444444446352 90
9058.012 0.08708695652174593 92
9075.048 0.1060759493671015 79
9091.192 0.09354761904759948 84
9107.781 0.08277659574468998 94
9124.549 0.1176417910447974 67
9141.376 0.0957261904762033 84
9158.233 0.0957209302325578 86
9174.497 0.10439999999999904 75
9191.233 0.11446376811595721 69
9207.75 0.08515384615384392 91
9224.561 0.11275714285714328 70
9240.995 0.09011764705884322 85
9257.854 0.0969506172839402 81
9275.189 0.09575280898877353 89
9291.767 0.10159036144579155 83
9308.027 0.100324999999998 80
9325.218 0.09293478260870751 92
9341.766 0.11393243243243911 74
9358.46 0.1113026315789332 76
9375.157 0.10481481481481213 81
9391.018 0.0948641975308554 81
9407.85 0.09690123456790321 81
9424.531 0.08277894736843576 95
9441.774 0.08274509803920285 102
9458.409 0.12012857142856644 70
9475.122 0.09947058823529326 85
9491.131 0.08860227272725751 88
9507.831 0.10038461538461445 78
9524.368 0.1132500000000137 68
9541.766 0.10408641975309253 81
9558.476 0.0892105263157933 95
9575.21 0.1170273972602694 73
9591.75 0.09784883720931248 86
9608.045 0.10870270270270094 74
9624.8 0.08215151515151324 99
9641.138 0.0975500000000011 80
9657.674 0.100973684210538 76
9674.269 0.08352747252747876 91
9691.393 0.08854945054946047 91
9708.587 0.08335922330096437 103
9724.3 0.084811111111109 90
9741.656 0.10806493506495755 77
9758.426 0.1170277777777705 72
9774.868 0.09761904761905628 84
9791.769 0.09922352941177771 85
9808.36 0.09185714285714701 91
9824.366 0.09503703703704099 81
9841.717 0.08467676767676577 99
9857.699 0.10265333333334031 75
9874.43 0.07121100917431766 109
9890.997 0.10495890410959263 73
9907.78 0.0883977272727324 88
9925.154 0.09755172413794241 87
9941.055 0.0857777777777907 90
9957.659 0.07977083333332757 96
9974.301 0.0787010309278352 97
9990.964 0.09536250000001019 80
10008.183 0.09979268292684026 82
10024.551 0.09614634146341482 82
10040.969 0.09542500000000018 80
10057.638 0.09313414634147105 82
10075.177 0.103768292682927 82
10090.965 0.10746478873240871 71
10107.626 0.08379120879120878 91
10124.875 0.08290909090909634 99
10141.83 0.09233695652174782 92
10158.539 0.09280434782609202 92
10175.137 0.10328048780488976 82
10191.837 0.10003529411763284 85
10208.452 0.10698734177214324 79
10225.135 0.10326829268293605 82
10241.839 0.09888372093024203 86
10257.77 0.09961538461539021 78
10275.225 0.10188095238096312 84
10290.972 0.08124468085107049 94
10308.452 0.10698734177214324 79
10325.16 0.09760919540230102 87
10341.628 0.08823404255319009 94
10357.734 0.09666250000000218 80
10374.68 0.09210344827587161 87
10391.22 0.10241558441556628 77
10407.603 0.10003947368419942 76
10424.344 0.09248192771083706 83
10441.764 0.1053625000000011 80
10458.432 0.09803488372093598 86
10475.159 0.086642857142857 98
10491.847 0.11054545454546268 77
10508.558 0.10186904761905594 84
10525.136 0.10998701298702546 77
10541.737 0.10503749999998035 80
10557.587 0.09483749999999418 80
10574.788 0.09554117647060005 85
10591.514 0.09189887640449536 89
10608.18 0.08701063829787327 94
10625.166 0.11181578947367884 76
10641.788 0.10063095238096832 84
10657.675 0.1080845070422404 71
10675.184 0.10386585365853446 82
10691.061 0.1073194444444299 72
10708.599 0.09661797752809169 89
10724.367 0.09057647058824146 85
10741.476 0.08849999999999811 92
10757.835 0.10309210526314641 76
10774.322 0.09689873417722347 79
10791.768 0.10160240963856508 83
10807.833 0.08800000000000376 89
10824.956 0.08911827956989749 93
10841.954 0.11806849315069311 73
10858.037 0.0883186813186842 91
10874.45 0.09728750000001582 80
10891.224 0.09986075949368396 79
10907.649 0.08997647058822622 85
10925.201 0.0980919540229845 87
10941.015 0.09035294117647401 85
10958.5 0.09238043478260648 92
10975.156 0.10227710843375178 83
10990.936 0.09157831325301889 83
11007.684 0.07606930693068399 101
11024.393 0.08983720930233217 86
11041.899 0.0911170212765818 94
11058.571 0.09117021276595436 94
11074.225 0.10077333333334536 75
11090.943 0.11188235294117904 68
11107.645 0.08686363636363902 88
11124.591 0.09663414634147424 82
11142.621 0.1092470588235301 85
11157.715 0.10019480519480709 77
11175.16 0.10749367088607835 79
11191.786 0.09943529411763902 85
11207.633 0.08673863636363421 88
11225.172 0.09450000000001132 90
11241.981 0.08560396039604594 101
11258.394 0.10901298701299003 77
11274.887 0.0913222222222329 90
11291.844 0.0956179775280719 89
11308.517 0.08690816326530434 98
11324.867 0.10511538461539133 78
11341.445 0.10397435897436644 78
11357.833 0.07911111111111449 99
11374.625 0.08376842105263725 95
11391.809 0.1072784810126398 79
11407.683 0.09038823529412826 85
11425.263 0.09047368421053857 95
11441.365 0.08543617021275574 94
11458.417 0.1122266666666595 75
11474.686 0.0871630434782634 92
11491.063 0.0878181818181929 88
11507.868 0.09478313253012276 83
11524.262 0.10850000000001662 70
11541.874 0.09487777777778522 90
11558.464 0.0854949494949489 99
11574.686 0.08621505376344117 93
11591.574 0.10842105263157607 76
11608.395 0.1252835820895557 67
11624.367 0.08849425287356924 87
11641.907 0.10716249999998126 80
11658.542 0.10949999999999048 78
11674.287 0.08757471264368502 87
11691.744 0.11843661971833055 71
11708.458 0.09950588235294751 85
11724.254 0.10393150684933361 73
11741.8 0.09843023255814122 86
11758.48 0.11012987012986446 77
11775.157 0.1035243902438973 82
11791.806 0.12278260869564858 69
11808.507 0.10502469135801984 81
11825.198 0.09074468085107079 94
11841.263 0.10431578947370661 76
11857.984 0.09503571428571636 84
11874.228 0.09108433734939145 83
11891.211 0.08950000000000231 88
11908.381 0.10219512195120975 82
11924.48 0.10280263157894871 76
11940.985 0.0910714285714459 84
11958.428 0.09468539325842337 89
11974.216 0.08030851063830731 94
11990.95 0.09889610389612469 77
12008.527 0.10031764705882404 85
12024.395 0.08492307692308763 91
12041.077 0.0944268292682753 82
12058.42 0.09904705882352786 85
12074.869 0.10382278481014096 79
12091.341 0.0870326086956479 92
12108.036 0.09130681818181653 88
12124.259 0.08627272727273355 88
12141.159 0.08993103448276464 87
12158.483 0.0912043010752685 93
12175.132 0.09957647058823461 85
12191.03 0.08016666666666576 96
12207.665 0.0880919540229962 87
12224.872 0.10796052631578852 76
12240.998 0.10643055555556202 72
12258.413 0.10015476190476745 84
12275.105 0.10044047619047498 84
12291.764 0.0957840909090919 88
12307.734 0.07811111111111288 99
12324.366 0.09998701298701979 77
12341.366 0.10165822784811214 79
12358.326 0.08952688172042056 93
12374.611 0.0810510204081747 98
12391.689 0.08032692307693441 104
12407.672 0.08430769230769758 91
12425.198 0.10278313253013083 83
12441.826 0.08845833333331636 96
12458.253 0.09709411764706602 85
12474.782 0.09016666666666424 90
12491.844 0.0895789473684042 95
12507.602 0.09270731707318014 82
12524.96 0.12758461538461024 65
12541.011 0.09139285714285333 84
12558.533 0.0958764044943758 89
12575.173 0.09889534883722115 86
12591.273 0.0902045454545466 88
12608.274 0.09091208791207944 91
12624.464 0.10981690140845747 71
12640.997 0.09231325301205134 83
12658.425 0.0957386363636281 88
12675.041 0.10467499999999745 80
12691.014 0.07245283018866483 106
12707.764 0.08722471910111247 89
12724.282 0.10289189189188619 74
12741.753 0.09903529411766453 85
12757.737 0.07893877551019354 98
12774.742 0.10093750000000909 80
12791.005 0.09130952380952467 84
12807.834 0.10585135135135863 74
12824.394 0.08584444444445075 90
12841.685 0.08978494623656305 93
12857.968 0.09485714285715187 84
12874.614 0.08638043478260996 92
12891.161 0.10721917808218241 73
12908.181 0.09623529411765049 85
12924.648 0.0839999999999954 95
12941.838 0.0924239130434849 92
12957.677 0.09139285714285333 84
12974.608 0.07784313725490695 102
12990.963 0.08768965517240225 87
13007.93 0.09220930232558477 86
13024.319 0.09810256410256467 78
13041.031 0.07934020618558486 97
13058.594 0.09340217391303193 92
13074.925 0.08878494623655492 93
13091.784 0.1173472222222295 72
13107.7 0.07937113402062396 97
13124.728 0.08142424242423933 99
13141.847 0.10508641975309414 81
13158.456 0.1018674698795172 83
13174.397 0.0796907216494988 97
13191.146 0.09763750000001892 80
13207.638 0.09547500000001037 80
13224.356 0.0883678160919552 87
13241.667 0.11735211267606105 71
13258.203 0.09114444444443912 90
13274.5 0.08159375000000561 96
13291.777 0.09816279069768508 86
13308.447 0.11113157894736728 76
13324.771 0.108040000000013 75
13341.194 0.1209230769230579 65
13357.697 0.0938414634146306 82
13375.146 0.09019148936171249 94
13391.798 0.1044938271604931 81
13408.429 0.11235999999999573 75
13424.348 0.08085263157895257 95
13440.99 0.08413186813185758 91
13457.571 0.0934567901234532 81
13475.203 0.09484444444444509 90
13491.716 0.0846666666666627 99
13508.543 0.1041707317073105 82
13524.945 0.10219753086420058 81
13540.98 0.08687500000000496 88
13558.37 0.09618390804598152 87
13574.472 0.09290476190476295 84
13591.369 0.0836875000000153 96
13608.541 0.09488888888887838 90
13624.383 0.10282666666666046 75
13641.062 0.08491208791209638 91
13657.758 0.08339784946235917 93
13674.692 0.10420779220778484 77
13691.82 0.10347560975610466 82
13707.659 0.0832391304347766 92
13724.835 0.09723809523809125 84
13741.099 0.09705000000001292 80
13758.357 0.10993421052631004 76
13774.477 0.09641975308643592 81
13791.842 0.09348351648353216 91
13808.525 0.08356862745097483 102
13825.143 0.1284090909090964 66
13841.737 0.10502500000000055 80
13857.711 0.12435483870966334 62
13875.204 0.08207692307692363 104
13891.815 0.10469135802470843 81
13908.208 0.08289898989899327 99
13924.453 0.09980769230769045 78
13941.817 0.09749425287356288 87
13958.478 0.09524719101122418 89
13975.145 0.09632954545455422 88
13991.407 0.08968888888889018 90
14007.85 0.08530434782608648 92
14024.646 0.10098734177216424 79
14041.89 0.08729591836734991 98
14058.448 0.12067142857143023 70
14075.222 0.11709589041094336 73
14091.123 0.0961481481481539 81
14108.453 0.09942352941175427 85
14124.287 0.11373134328359404 67
14141.84 0.09146236559139144 93
14157.605 0.10708450704224164 71
14175.081 0.1294307692307764 65
14191.22 0.0866593406593253 91
14208.463 0.11134210526315176 76
14225.075 0.10918181818183198 77
14241.827 0.1088717948717973 78
14257.981 0.1009999999999919 79
14275.223 0.09834482758621259 87
14291.125 0.10116883116884251 77
14307.598 0.10406849315068155 73
14325.033 0.11153333333333042 75
14341.737 0.09769767441860516 86
14358.331 0.10034939759035812 83
14374.523 0.07778217821781948 101
14390.973 0.07793877551021254 98
14407.642 0.09318292682926368 82
14424.369 0.09060000000001096 85
14441.826 0.10108333333333316 84
14457.664 0.09121428571428883 84
14475.183 0.10259036144579803 83
14491.839 0.11045454545453506 77
14507.867 0.0778712871287107 101
14524.355 0.08736363636363752 88
14541.126 0.08561538461539644 91
14558.456 0.08898947368420762 95
14574.738 0.09277011494252774 87
14591.217 0.08476344086021302 93
14608.456 0.09290109890109587 91
14624.731 0.09955555555555932 81
14641.912 0.09323913043477738 92
14658.431 0.0936666666666699 90
14674.932 0.1073376623376784 77
14691.036 0.0906117647058743 85
14707.688 0.1011315789473644 76
14724.475 0.08580219780220771 91
14741.038 0.09875641025642742 78
14758.494 0.11960563380281956 71
14775.154 0.0998352941176563 85
14791.065 0.08785227272727009 88
14808.587 0.08850515463916625 97
14825.121 0.09716091954022436 87
14841.913 0.10591358024691017 81
14857.655 0.10071052631579541 76
14874.995 0.07931428571429847 105
14891.006 0.10804225352113066 71
14907.739 0.09919230769229706 78
14924.373 0.08284946236559061 93
14941.816 0.08744329896907187 97
14958.506 0.10764556962024045 79
14974.458 0.09987179487180607 78
14991.753 0.10022619047618891 84
15008.525 0.109282051282044 78
15025.169 0.09044680851064263 94
15040.933 0.10268918918919136 74
15057.84 0.0967654320987622 81
15074.584 0.06943859649123751 114
15090.999 0.09234939759035005 83
15107.826 0.08892045454544215 88
15125.158 0.09759770114942512 87
15141.295 0.084691489361695 94
15157.591 0.08722988505747059 87
15174.384 0.07079816513761975 109
15190.969 0.10178666666666686 75
15208.247 0.07853333333332557 105
15224.247 0.09473749999999655 80
15241.015 0.0948271604938108 81
15257.75 0.07907142857142649 98
15275.034 0.08715625000000198 96
15291.332 0.08986516853932126 89
15308.472 0.10860256410255832 78
15325.122 0.09291208791208712 91
15340.992 0.09816666666668028 78
15358.554 0.09002105263157557 95
15375.127 0.13015384615386072 65
15391.182 0.09688888888888834 81
15408.48 0.10732911392404253 79
15424.382 0.08119999999999938 95
15441.256 0.09902499999998327 80
15458.465 0.1143783783783776 74
15475.181 0.0925434782608808 92
15491.827 0.10109523809524035 84
15508.574 0.09420879120879473 91
15524.504 0.09675308641976979 81
15541.84 0.10371951219513437 82
15557.799 0.10259210526316422 76
15574.383 0.09525925925926357 81
15591.004 0.09130952380952467 84
15607.789 0.0885000000000053 88
15624.335 0.10088157894736134 76
15640.894 0.10216216216215528 74
15657.729 0.09090588235292885 85
15674.353 0.092590361445777 83
15691.225 0.08052040816326145 98
15707.753 0.10198684210526583 76
15725.161 0.08578787878788276 99
15741.885 0.09001052631578396 95
15758.529 0.11522972972973032 74
15774.31 0.08217204301075082 93
15790.941 0.08844186046513472 86
15807.691 0.09154761904762511 84
15824.365 0.09274698795181109 83
15840.938 0.0987402597402724 77
15857.674 0.08620224719101663 89
15874.409 0.08235106382978707 94
15890.971 0.0978974358974413 78
15907.669 0.08614606741572428 89
15925.178 0.10772151898734454 79
15941.797 0.1113552631578913 76
15957.654 0.10931428571428634 70
15975.167 0.09444444444444444 90
15991.787 0.10976623376624851 77
16008.314 0.09339325842696515 89
16024.361 0.094987654321004 81
16041.025 0.0864044943820282 89
16058.486 0.1212000000000054 70
16074.716 0.09696385542169499 83
16091.81 0.12463235294118181 68
16108.046 0.09142045454545537 88
16124.942 0.09296629213482509 89
16141.776 0.0927582417582496 91
16158.333 0.11901428571428758 70
16175.213 0.11868055555555657 72
16191.803 0.0940888888888973 90
16208.497 0.13485714285712994 63
16226.022 0.1039444444444598 90
16241.77 0.09169565217390972 92
16257.945 0.09129885057470462 87
16274.259 0.10543055555556041 72
16291.86 0.1272537313432812 67
16307.894 0.13377966101694966 59
16324.384 0.10569863013699109 73
16341.796 0.08547474747474278 99
16358.5 0.10492592592592341 81
16375.109 0.08702061855670838 97
16390.982 0.08135106382979622 94
16407.623 0.09770512820511776 78
16424.354 0.09855128205125742 78
16441.44 0.0871505376344039 93
16458.467 0.10716455696202974 79
16475.18 0.1025542168674555 83
16490.95 0.0940123456790321 81
16508.558 0.09834482758621259 87
16524.328 0.08150000000000061 94
16541.853 0.09361538461538717 91
16558.503 0.09043617021276812 94
16575.074 0.09890588235293227 85
16591.855 0.09466666666667152 90
16607.685 0.08537777777779007 90
16624.384 0.08669662921344619 89
16641.042 0.08757954545456993 88
16657.668 0.09126190476191758 84
16675.148 0.0931868131868084 91
16690.984 0.07806122448981077 98
16708.465 0.08635714285714019 98
16724.322 0.09334146341461746 82
16741.765 0.11240000000000389 75
16757.641 0.0868181818181752 88
16774.351 0.09369512195118615 82
16791.315 0.09068181818181321 88
16807.631 0.10038157894737915 76
16824.412 0.09929487179485874 78
16840.967 0.08387912087913879 91
16858.32 0.09041304347825328 92
16874.302 0.0829891304347652 92
16890.976 0.08783908045976811 87
16908.515 0.10381707317071964 82
16924.426 0.10207894736839462 76
16941.075 0.08235106382980643 94
16958.461 0.09612499999998776 88
16975.218 0.09396703296702721 91
16991.271 0.1322666666666919 60
17007.648 0.0932560975609859 82
17024.645 0.10635999999998604 75
17040.911 0.11837500000001455 64
17057.637 0.09199999999998316 83
17074.439 0.08731460674153935 89
17090.997 0.09460493827161069 81
17107.635 0.09788461538459486 78
17124.405 0.09210714285711133 84
17140.955 0.1002631578947713 76
17157.633 0.09784615384617212 78
17174.331 0.0912380952380599 84
17191.028 0.09050588235293296 85
17207.748 0.09684999999999491 80
17224.278 0.0939506172839129 81
17241.599 0.11018666666665619 75
17257.625 0.09775641025641026 78
17274.335 0.09128571428568864 84
17290.926 0.10259459459460207 74
17308.167 0.11502816901410254 71
17324.68 0.10141772151897224 79
17341.138 0.09878481012658338 79
17357.833 0.10306578947366736 76
17374.673 0.08994382022468966 89
17391.809 0.09313186813189211 91
17408.46 0.10708860759492565 79
17424.459 0.09387951807226075 83
17441.031 0.08950000000000136 86
17458.437 0.10416049382718169 81
17474.555 0.09172093023254663 86
17491.364 0.10036250000002837 80
17507.804 0.08574725274725147 91
17524.672 0.08796703296700419 91
17541.651 0.12052173913047148 69
17558.312 0.10656410256412457 78
17574.817 0.11319444444441412 72
17591.907 0.09525555555555912 90
17607.706 0.09879487179485015 78
17624.856 0.08618947368419246 95
17641.301 0.08658695652174293 92
17657.874 0.11247142857142275 70
17674.424 0.08164210526313247 95
17690.902 0.08903529411763884 85
17708.478 0.09019148936169315 94
17724.404 0.0879090909090585 88
17741.796 0.10711392405062702 79
17757.865 0.10485333333335196 75
17775.117 0.10696202531641885 79
17791.771 0.09072043010754535 93
17807.849 0.08531521739128632 92
17825.04 0.1073333333333255 78
17841.493 0.0983012048192729 83
17858.44 0.1004642857142677 84
17875.144 0.1059624999999869 80
17891.437 0.1038846153846512 78
17908.442 0.1188873239436464 71
17925.2 0.09806896551723268 87
17941.749 0.09047311827957709 93
17957.666 0.08912790697675434 86
17974.678 0.09315116279068143 86
17991.676 0.09479545454546083 88
18007.76 0.08817045454543404 88
18024.771 0.07717142857142054 105
18040.929 0.11169117647060535 68
18058.459 0.10314634146339902 82
18075.065 0.09996428571425245 84
18091.253 0.07762745098040671 102
18107.616 0.09065476190478096 84
18125.157 0.10105952380949713 84
18141.808 0.10332926829270457 82
18157.586 0.0861931818181719 88
18175.138 0.0996470588235003 85
18191.075 0.08896551724139772 87
18208.511 0.09351648351646592 91
18225.276 0.09459340659340851 91
18241.833 0.1075696202531594 79
18258.216 0.10532051282051469 78
18275.182 0.10511111111110141 81
18291.866 0.08886458333336122 96
18308.217 0.09128888888889276 90
18325.168 0.09660227272727505 88
18341.564 0.1159014084506952 71
18358.246 0.08865591397848367 93
18374.577 0.08988636363636199 88
18391.833 0.0999764705882305 85
18407.648 0.08222580645162197 93
18425.208 0.10167857142854093 84
18441.011 0.10515068493149968 73
18458.488 0.09645454545455902 88
18474.51 0.08617582417579027 91
18491.845 0.11346666666669383 75
18508.435 0.11398648648650418 74
18524.348 0.08259139784946769 93
18541.317 0.09978750000000218 80
18558.064 0.09599999999998199 84
18574.37 0.09509876543207038 81
18591.741 0.08943617021279661 94
18608.63 0.09180851063830871 94
18625.179 0.09562921348313037 89
18640.937 0.09271951219515602 82
18657.676 0.09968831168830489 77
18674.302 0.0908809523809309 84
18691.754 0.1065822784810366 79
18707.684 0.10244000000001204 75
18725.058 0.10487499999999272 80
18740.993 0.08415384615384008 91
18757.933 0.09792592592593455 81
18774.288 0.08193548387095678 93
18791.129 0.08660000000001876 90
18807.713 0.0940609756097529 82
18824.245 0.0881162790697407 86
18841.072 0.0823191489361829 94
18857.683 0.0835000000000076 92
18875.007 0.08423232323232265 99
18890.99 0.09007058823532561 85
18908.483 0.09862790697674385 86
18925.164 0.10115476190475463 84
18941.805 0.11001298701300478 77
18957.704 0.08956976744187603 86
18975.104 0.10546249999997599 80
18991.808 0.10332926829270457 82
19008.444 0.09178260869564679 92
19024.33 0.09122619047619603 84
19041.787 0.13415873015874819 63
19058.181 0.0810000000000049 101
19074.313 0.0878850574712299 87
19090.993 0.09116666666666008 84
19107.644 0.09208433734939794 83
19124.78 0.09219318181815404 88
19140.989 0.08504444444446967 90
19157.658 0.08507777777776937 90
19174.349 0.08441758241755011 91
19190.993 0.10637499999999515 72
19207.668 0.09350000000001561 82
19225.434 0.12174999999999475 72
19241.068 0.08889655172414228 87
19257.634 0.11224999999997047 68
19274.293 0.07550495049505153 101
19291.006 0.0824946236559387 93
19307.691 0.09154761904760346 84
19324.318 0.08225806451610557 93
19341.029 0.08844827586206562 87
19357.597 0.10128000000001824 75
19374.988 0.09043478260869249 92
19391.039 0.08958139534885515 86
19407.911 0.08154639175257582 97
19424.367 0.08748863636360098 88
19441.012 0.07453398058252117 103
19457.664 0.08514444444444962 90
19474.3 0.09422222222219491 81
19491.081 0.0922261904761832 84
19508.471 0.092065217391317 92
19524.388 0.09302409638551482 83
19540.978 0.09674683544303835 79
19557.738 0.08410869565218689 92
19575.149 0.09529213483145806 89
19591.826 0.10231325301207239 83
19607.721 0.1152238805970323 67
19624.3 0.08386813186810756 91
19641.908 0.11280263157895158 76
19657.801 0.08387096774192766 93
19674.357 0.08941860465114757 86
19691.013 0.09480246913580355 81
19707.738 0.09321686746989144 83
19725.12 0.09944705882350237 85
19740.931 0.09377777777779467 81
19757.569 0.09230487804877445 82
19774.638 0.0926860465116015 86
19790.906 0.1113529411764723 68
19808.58 0.12255714285716489 70
19825.188 0.09681818181814544 88
19841.727 0.11495890410958665 73
19857.624 0.10442465753424099 73
19874.298 0.0965822784809795 79
19890.965 0.09192771084338576 83
19908.021 0.10415584415584983 77
19924.273 0.08844186046511357 86
19941.016 0.09367073170732311 82
19957.573 0.08804651162790833 86
19974.348 0.10520547945205878 73
19991.01 0.09136904761903895 84
20007.623 0.09771794871794089 78
20024.297 0.08573033707862225 89
20040.931 0.09151807228917311 83
20057.667 0.08915116279071257 86
20074.406 0.08597777777775062 90
20091.02 0.09852564102565782 78
20108.416 0.10651898734178321 79
20124.413 0.09562962962961957 81
20141.863 0.11683561643838726 73
20158.486 0.0975402298850665 87
20175.175 0.11048051948049076 77
20191.526 0.09414942528738543 87
20207.671 0.09961038961036693 77
20224.299 0.09539999999997235 80
20240.862 0.0977662337662606 77
20257.729 0.08492307692306765 91
20274.364 0.08457142857142762 91
20291.245 0.10142307692307767 78
20308.008 0.08609677419356372 93
20324.379 0.09762025316455107 79
20341.152 0.08591208791208024 91
20357.62 0.09645569620251875 79
20375.267 0.09449450549448726 91
20391.021 0.07686000000001514 100
20407.609 0.08744827586207098 87
20424.839 0.08980219780218308 91
20441.75 0.09562500000000992 88
20458.509 0.10769620253162016 79
20474.339 0.10229333333331549 75
20491.021 0.08834482758622429 87
20508.463 0.10320731707316753 82
20524.491 0.08789887640449798 89
20540.999 0.07664000000000669 100
20557.543 0.09311111111112692 81
20574.475 0.07229629629627096 108
20591.129 0.09279761904764157 84
20608.254 0.1006585365853758 82
20624.312 0.08588764044944082 89
20641.821 0.1131600000000132 75
20658.257 0.09490804597702789 87
20675.262 0.08860824742265491 97
20692.076 0.09712222222224227 90
20707.607 0.10865714285713952 70
20724.559 0.10961111111110869 72
20741.747 0.08412000000000262 100
20757.668 0.09021176470589981 85
20774.882 0.08929347826087115 92
20790.879 0.10334246575344778 73
20808.512 0.10254216867468197 83
20824.273 0.10007894736841799 76
20841.772 0.1081794871795118 78
20857.705 0.10410810810812895 74
20874.315 0.09104761904758821 84
20891.165 0.10302631578949666 76
20908.511 0.08683673469386122 98
20924.305 0.08212903225805387 93
20941.833 0.10364634146341214 82
20958.468 0.1045308641975377 81
20974.983 0.10661538461537044 78
20991.748 0.09453932584270415 89
21008.506 0.10373170731708808 82
21024.614 0.10456578947368574 76
21041.489 0.09592941176473259 85
21058.175 0.09730952380951272 84
21075.106 0.08976595744679024 94
21091.237 0.07902000000001863 100
21107.746 0.0832903225806364 93
21125.171 0.09887209302322061 86
21141.894 0.0900947368421169 95
21158.532 0.10036470588234164 85
21174.328 0.09948051948051759 77
21190.976 0.10055263157894508 76
21207.635 0.09424691358022463 81
21224.417 0.10472972972972973 74
21240.899 0.08898823529414264 85
21257.669 0.08916279069769167 86
21274.396 0.09907692307691225 78
21290.963 0.08870930232559088 86
21307.731 0.09313253012047666 83
21324.837 0.09611764705880299 85
21340.966 0.09193975903615931 83
21357.585 0.09601265822783706 79
21374.35 0.0826021505376028 93
21390.912 0.10523611111112688 72
21407.783 0.10961971830985137 71
21424.796 0.10696052631575233 76
21441.386 0.09046067415729749 89
21457.738 0.0805937500000103 96
21474.247 0.08917647058821304 85
21491.65 0.09238888888891476 90
21508.366 0.09093478260871526 92
21524.367 0.08849425287352743 87
21541.091 0.07756000000001223 100
21557.882 0.09975949367090155 79
21574.789 0.07809615384614797 104
21590.978 0.09098809523809559 84
21607.704 0.07780808080809433 99
21624.651 0.08315625000000182 96
21641.021 0.08734090909092629 88
21658.436 0.10954545454547156 77
21675.102 0.12976923076919494 65
21691.347 0.08708695652176571 92
21708.501 0.09043617021276812 94
21724.428 0.09349397590359518 83
21741.34 0.11772058823530909 68
21758.438 0.09072043010750623 93
21774.683 0.09656626506023396 83
21790.968 0.08387912087913879 91
21807.696 0.10542465753424538 73
21824.373 0.09396341463412328 82
21841.843 0.09148387096775946 93
21857.765 0.10635616438355087 73
21874.476 0.10141558441555153 77
21890.982 0.09679746835444106 79
21907.678 0.11126086956521275 69
21924.337 0.09586249999997562 80
21940.878 0.10334246575344778 73
21957.665 0.08330434782609424 92
21974.356 0.09375609756095467 82
21991.036 0.08462637362638387 91
22007.777 0.08101041666664817 96
22024.319 0.08316304347823936 92
22041.031 0.0785408163265318 98
22057.551 0.09438749999999345 80
22074.287 0.07937499999998938 96
22091.007 0.0947283950617593 81
22107.664 0.10643055555556202 72
22124.315 0.09559999999996763 80
22140.975 0.08395604395603756 91
22157.701 0.08850574712644514 87
22174.334 0.07741414141414818 99
22190.932 0.09379012345680952 81
22207.573 0.08805813953488745 86
22224.376 0.0896279069767293 86
22241.003 0.09832051282053446 78
22257.658 0.08414285714284883 91
22274.302 0.08577528089885612 89
22290.959 0.10031578947368153 76
22307.654 0.08410989010987507 91
22324.352 0.09371951219509356 82
22341.066 0.08496703296703265 91
22357.604 0.07919791666665787 96
22374.344 0.08165957446807953 94
22391.015 0.10818309859155627 71
22407.694 0.08547777777777002 90
22424.327 0.08703409090908694 88
22440.97 0.110652173913073 69
22457.674 0.08340217391303115 92
22474.289 0.07776530612244066 98
22491.045 0.07787878787877905 99
22507.613 0.0875057471264505 87
22524.301 0.09424691358022463 81
22540.996 0.09231325301205134 83
22557.754 0.08520879120880016 91
22574.34 0.08075789473682801 95
22590.99 0.09113095238098183 84
22607.725 0.10163157894734659 76
22624.347 0.07917525773196177 97
22640.98 0.09929870129870962 77
22657.635 0.0991428571428337 77
22674.325 0.08802298850574077 87
22691.019 0.07607920792080303 101
22707.653 0.11254411764703572 68
22724.358 0.08641573033706623 89
22741.022 0.0873636363636582 88
22757.648 0.08996470588236287 85
22774.278 0.105694444444402 72
22790.915 0.09476250000002437 80
22807.675 0.08720454545453488 88
22824.372 0.0906352941176224 85
22840.895 0.10081333333335352 75
22857.648 0.09440740740741782 81
22874.369 0.10001298701295186 77
22891.026 0.09267469879521369 83
22907.662 0.08607865168539391 89
22924.251 0.0892117647058673 85
22941.021 0.10675000000002102 72
22957.682 0.10107894736843025 76
22974.319 0.10202666666664299 75
22991.003 0.09832051282053446 78
23007.612 0.10427397260275328 73
23024.32 0.11773846153843737 65
23040.965 0.0930487804878173 82
23057.667 0.07985416666667788 96
23074.349 0.08171276595741336 94
23091.015 0.09721518987342141 79
23107.587 0.09851948051947182 77
23124.289 0.08661363636362941 88
23141.001 0.09126190476191758 84
23157.735 0.08689887640449863 89
23174.215 0.0909397590361309 83
23191.007 0.11120289855076092 69
23207.646 0.10193333333333915 75
23224.261 0.09735897435894003 78
23241.016 0.08932558139535696 86
23257.625 0.08110638297872123 94
23274.355 0.07686999999998079 100
23290.984 0.08998823529413237 85
23307.61 0.09511250000000473 80
23324.282 0.07849484536080165 97
23341.04 0.08755681818183803 88
23357.665 0.08067368421053336 95
23374.306 0.08126595744680015 94
23390.976 0.09096428571428121 84
23407.644 0.1005657894736846 76
23424.263 0.09494999999997163 80
23441.004 0.08616853932586166 89
23457.617 0.09287804878046545 82
23474.401 0.08888505747126638 87
23491.049 0.07871428571428513 98
23507.739 0.08597777777779103 90
23524.339 0.09711392405061596 79
23540.985 0.10776056338030505 71
23557.66 0.08605617977527698 89
23574.366 0.10998571428572176 70
23591.064 0.06780701754385582 114
23607.693 0.07257547169810662 106
23624.367 0.10265333333329181 75
23641.097 0.09582716049385734 81
23657.636 0.08983529411763062 85
23674.255 0.1115882352941138 68
23690.998 0.09233734939759843 83
23707.668 0.09465432098767013 81
23724.247 0.09242682926826713 82
23740.928 0.08531460674158153 89
23757.702 0.0927831325301317 83
23774.34 0.09712658227846664 79
23790.972 0.09313414634149322 82
23807.69 0.09154761904760346 84
23824.308 0.0868181818181752 88
23841.021 0.07763636363637892 99
23857.577 0.09239024390245038 82
23874.274 0.10141333333333023 75
23890.925 0.09607594936709045 79
23907.615 0.08276086956523257 92
23924.332 0.09579999999996289 80
23941.016 0.08931395348837784 86
23957.664 0.08707954545455075 88
23974.459 0.09274999999996951 84
23991.065 0.08685393258426476 89
24007.664 0.0934634146341545 82
24024.393 0.08584444444443054 90
24040.934 0.09046428571430927 84
24057.733 0.08786363636363603 88
24074.39 0.08581111111109041 90
24091.012 0.10235999999999573 75
24107.871 0.0813157894736689 95
24124.377 0.09070588235293091 85
24140.966 0.09538750000001528 80
24157.689 0.0883793103448102 87
24174.311 0.09208433734939794 83
24190.999 0.10500000000001196 73
24207.603 0.09049999999998752 84
24224.305 0.07343269230768083 104
24241.036 0.10846478873240749 71
24257.565 0.09114457831323723 83
24274.393 0.11361764705880513 68
24290.921 0.09139759036143771 83
24307.743 0.07821212121210681 99
24324.368 0.09166666666663202 84
24340.96 0.08664772727272728 88
24357.695 0.10258666666666007 75
24374.442 0.06588135593218317 118
24391.004 0.10363513513515794 74
24407.717 0.08037500000000364 96
24424.335 0.09583749999997053 80
24441.022 0.09375609756099904 82
24457.6 0.09047619047617315 84
24474.337 0.08917441860462849 86
24491.014 0.09035294117647401 85
24507.679 0.07834693877550902 98
24524.355 0.09856410256408055 78
24541.081 0.08153684210525458 95
24557.624 0.08662499999999537 88
24574.245 0.11656923076919226 65
24590.944 0.1135820895522475 67
24607.705 0.09172619047621126 84
24624.328 0.08906976744185878 86
24641.0 0.09126190476191758 84
24657.527 0.10035999999997633 75
24674.262 0.09737179487176316 78
24690.944 0.08747126436782278 87
24707.631 0.0887325581395491 86
24724.352 0.0746116504854143 103
24740.973 0.08393406593409504 91
24757.601 0.11343283582087381 67
24774.392 0.08878160919538323 87
24790.988 0.10484931506852425 73
24807.656 0.07221698113206448 106
24824.339 0.09354878048778607 82
24840.994 0.0832608695652158 92
24857.626 0.10034210526316058 76
24874.356 0.09152380952378908 84
24891.119 0.07783999999999651 100
24907.653 0.08055789473682556 95
24924.286 0.10023684210524439 76
24940.915 0.09475000000002183 80
24957.586 0.09249999999998935 82
24974.292 0.09650632911392147 79
24990.964 0.10595833333334465 72
25007.637 0.0942592592592395 81
25024.278 0.10013157894732821 76
25041.041 0.08858620689657648 87
25057.665 0.10644444444445374 72
25074.296 0.07945833333330181 96
25091.042 0.08200000000002508 94
25107.663 0.09121428571428883 84
25124.442 0.0809791666666418 96
25141.027 0.08361956521738372 92
25157.703 0.08956976744187603 86
25174.408 0.10319999999997284 75
25190.953 0.09291463414637093 82
25207.593 0.09989473684211254 76
25224.323 0.0860112359550431 89
25241.027 0.08360869565216411 92
25257.705 0.10850704225354285 71
25274.295 0.10170666666662631 75
25290.95 0.11898437500002501 64
25307.638 0.0795624999999897 96
25324.34 0.09027058823528077 85
25340.988 0.08141489361704327 94
25357.714 0.08968604651162486 86
25374.344 0.09031764705881977 85
25391.078 0.10463513513516502 74
25407.581 0.10828571428568726 70
25424.279 0.11192647058819336 68
25441.065 0.0942682926829215 82
25457.741 0.07514563106797671 103
25474.308 0.08396703296702882 91
25490.921 0.09482499999999164 80
25507.628 0.07782653061224906 98
25524.345 0.09843589743589594 78
25540.88 0.10626760563382946 71
25557.732 0.10888732394365869 71
25574.385 0.07955670103089603 97
25591.052 0.08574444444445059 90
25607.796 0.08119791666664848 96
25624.275 0.0818064516129051 93
25640.916 0.09359259259261667 81
25657.684 0.09257831325302537 83
25674.299 0.0953874999999698 80
25690.987 0.08695454545456661 88
25707.55 0.11982539682538204 63
25724.291 0.09074999999999515 84
25741.055 0.113529411764723 68
25757.595 0.10402739726028713 73
25774.356 0.08178723404253492 94
25790.985 0.0968354430379931 79
25807.608 0.09879220779220742 77
25824.343 0.10234666666665969 75
25840.979 0.09100000000000277 84
25857.67 0.08158510638295798 94
25874.341 0.09837179487178031 78
25891.179 0.09929113924051848 79
25907.555 0.10491666666666788 72
25924.29 0.10441095890410122 73
25940.935 0.08445555555558207 90
25957.607 0.09391358024691322 81
25974.294 0.0820000000000022 93
25990.971 0.07792857142859637 98
26007.559 0.07873958333334485 96
26024.397 0.0942682926829215 82
26041.05 0.08385869565217549 92
26057.674 0.07672999999998865 100
26074.395 0.1170606060605871 66
26091.006 0.07990625000002183 96
26107.656 0.09691139240505113 79
26124.309 0.10053947368420554 76
26140.89 0.08303296703297247 91
26157.626 0.0953125 80
26174.349 0.07838775510201082 98
26190.969 0.08389010989013004 91
26207.675 0.09358536585364718 82
26224.316 0.09806410256407197 78
26240.954 0.0952375000000302 80
26257.675 0.08341304347825075 92
26274.36 0.08360869565216411 92
26290.999 0.1008421052631667 76
26307.704 0.097506329113941 79
26324.33 0.09015294117647607 85
26341.027 0.09380487804876948 82
26357.645 0.09438271604938811 81
26374.294 0.08765517241379545 87
26390.937 0.09502500000003238 80
26407.605 0.0905238095238019 84
26424.35 0.07605940594056496 101
26440.989 0.08900000000002639 86
26457.64 0.10611111111110302 72
26474.315 0.10195999999996275 75
26490.963 0.09417283950618038 81
26507.532 0.08656321839079356 87
26524.367 0.09389024390240104 82
26541.063 0.08986046511626926 86
26557.741 0.0766435643564535 101
26574.399 0.07433653846153622 104
26591.018 0.09603750000001128 80
26607.588 0.08721839080459469 87
26624.333 0.09826923076919532 78
26640.961 0.08569662921348772 89
26657.592 0.0852921348314646 89
26674.315 0.08135106382975751 94
26691.025 0.08450549450552008 91
26707.709 0.09067058823527666 85
26724.332 0.08709090909087536 88
26740.974 0.0748921568627374 102
26757.578 0.09584810126582426 79
26774.282 0.10151999999997012 75
26790.999 0.10794366197184041 71
26807.712 0.09070588235293091 85
26824.329 0.10791549295775017 71
26840.948 0.09063095238096659 84
26857.694 0.08361956521738372 92
26874.331 0.08152127659571093 94
26890.99 0.09335365853661554 82
26907.67 0.09238554216864875 83
26924.318 0.0822688172042798 93
26940.96 0.0953125 80
26957.698 0.08845977011494152 87
26974.293 0.09532500000000255 80
26990.981 0.09103571428572434 84
27007.691 0.08357608695650529 92
27024.32 0.10627777777775312 72
27041.023 0.08638202247193169 89
27057.631 0.09191566265061223 83
27074.341 0.0996493506493359 77
27090.899 0.09456250000002911 80
27107.672 0.10364864864862505 74
27124.256 0.10997101449274983 69
27141.024 0.09378048780490644 82
27157.684 0.08535555555556332 90
27174.282 0.08367032967030505 91
27190.984 0.09807692307694173 78
27207.702 0.08750000000000827 88
27224.291 0.091843373493971 83
27240.944 0.13120689655173418 58
27257.685 0.08633707865169782 89
27274.353 0.08833333333330658 87
27290.951 0.09289024390246352 82
27307.661 0.09820512820512634 78
27324.28 0.10017105263154678 76
27340.982 0.09803846153847236 78
27357.612 0.08550561797753463 89
27374.431 0.094670731707305 82
27390.948 0.09400000000001725 81
27407.586 0.08818604651161538 86
27424.353 0.10823943661968552 71
27440.973 0.08040000000002788 95
27457.603 0.0974487179487019 78
27474.315 0.08313043478258055 92
27491.058 0.08877011494254915 87
27507.725 0.0839456521738928 92
27524.359 0.08545555555554327 90
27541.092 0.09820253164559026 79
27557.671 0.08521111111108945 90
27574.286 0.09522499999998217 80
27591.031 0.0785408163265318 98
27607.669 0.07986458333334667 96
27624.308 0.0868181818181752 88
27640.96 0.0953125 80
27657.644 0.07719191919191742 99
27674.252 0.09248780487803565 82
27691.035 0.10266666666667637 75
27707.559 0.09943421052632498 76
27724.264 0.09494999999997163 80
27740.947 0.09635443037975937 79
27757.654 0.08408791208789258 91
27774.281 0.08852325581392506 86
27791.064 0.08494505494505014 91
27807.594 0.09610126582279181 79
27824.385 0.07716999999996915 100
27840.938 0.09874025974024878 77
27857.676 0.07599009900989379 101
27874.382 0.08571111111111046 90
27891.008 0.09591250000003129 80
27907.681 0.10970000000000124 70
27924.305 0.08486666666665567 90
27940.962 0.08029473684211169 95
27957.628 0.08765517241379545 87
27974.399 0.07888775510203844 98
27991.012 0.0843736263736251 91
28007.592 0.10120000000000194 75
28024.323 0.08798850574711306 87
28040.932 0.09154216867472019 83
28057.721 0.09190476190477577 84
28074.35 0.08535555555552289 90
28091.243 0.11138028169013306 71
28107.667 0.07589108910891953 101
28124.401 0.0920595238095259 84
28140.96 0.08288043478260869 92
28157.644 0.08306521739130245 92
28174.345 0.095962499999996 80
28190.956 0.10028947368420249 76
28207.754 0.0816105263157959 95
28224.289 0.11909374999999045 64
28240.948 0.07464705882354311 102
28257.657 0.09569999999998799 80
28274.338 0.10654166666664525 72
28290.996 0.07818367346939042 98
28307.673 0.09470370370368467 81
28324.228 0.10357534246572432 73
28340.94 0.09162650602409113 83
28357.625 0.08863953488371619 86
28374.317 0.09444444444441749 81
28391.014 0.0936463414634157 82
28407.629 0.08767816091954725 87
28424.279 0.08551685393255222 89
28441.081 0.09114117647058105 85
28457.657 0.0945061728394918 81
28474.317 0.08405494505491883 91
28491.001 0.09464197530865527 81
28507.752 0.08611111111111111 90
28524.283 0.07933333333331423 96
28540.88 0.09316049382718636 81
28557.717 0.0897209302325622 86
28574.313 0.087873563218354 87
28590.916 0.08240217391306467 92
28607.664 0.0934512195122008 82
28624.319 0.09001176470585907 85
28640.956 0.08194623655913102 93
28657.628 0.1003552631579001 76
28674.357 0.08639325842694928 89
28691.09 0.0923214285714407 84
28707.63 0.08668181818182513 88
28724.248 0.1098550724637407 69
28740.906 0.08702298850574612 87
28757.601 0.0987012987012798 77
28774.309 0.09673417721518766 79
28791.027 0.10538356164382605 73
28807.66 0.0981794871794801 78
28824.301 0.08389010989009006 91
28841.065 0.10590410958903791 73
28857.571 0.0822717391304294 92
28874.293 0.10740845070422822 71
28891.017 0.09256626506025184 83
28907.657 0.09114285714284572 84
28924.363 0.0793298969072135 97
28941.019 0.09980519480521181 77
28957.666 0.07741414141414818 99
28974.371 0.08195744680848835 94
28990.968 0.11744615384618205 65
29007.669 0.08333695652175305 92
29024.491 0.08504347826087526 92
29040.909 0.10098666666667365 75
29057.618 0.08655681818179967 88
29074.299 0.0887325581395068 86
29090.989 0.08601123595508398 89
29107.604 0.09622784810125257 79
29124.3 0.10456164383558893 73
29140.959 0.07942708333333333 96
29157.723 0.07878571428572824 98
29174.347 0.0914285714285749 84
29190.951 0.0940123456790321 81
29207.609 0.09392592592592808 81
29224.333 0.0833260869564939 92
29240.995 0.09011764705882182 85
29257.695 0.07326666666666001 105
29274.284 0.08655681818179967 88
29290.885 0.10486111111110101 72
29307.67 0.10954285714282637 70
29324.275 0.09057142857143065 84
29340.995 0.09120238095238165 84
29357.635 0.10044736842102889 76
29374.311 0.09098809523809559 84
29391.008 0.08819540229887934 87
29407.739 0.07977319587630097 97
29424.365 0.09743037974683692 79
29440.946 0.10285135135136197 74
29457.636 0.0942592592592395 81
29474.324 0.10487671232875397 73
29490.965 0.08573033707866314 89
29507.594 0.09733333333334042 78
29524.312 0.08047368421053092 95
29541.005 0.09588750000002619 80
29557.695 0.08363043478260332 92
29574.353 0.09042352941173971 85
29590.934 0.07834020618558742 97
29607.654 0.09810256410254134 78
29624.377 0.10706944444442949 72
29641.043 0.08288172043013288 93
29657.568 0.10364383561642321 73
29674.396 0.0772899999999936 100
29691.042 0.09755696202534372 79
29707.59 0.08432222222222158 90
29724.325 0.08802298850574077 87
29741.06 0.07964948453610708 97
29757.65 0.08223655913979622 93
29774.309 0.09672151898733698 79
29790.985 0.07887628865981092 97
29807.711 0.08471428571427388 91
29824.329 0.08706818181818479 88
29840.949 0.09762820512822565 78
29857.683 0.08172340425532658 94
29874.292 0.08970588235294118 85
29890.945 0.09757692307693315 78
29907.703 0.0855777777777904 90
29924.261 0.0882906976743851 86
29940.979 0.09556250000000546 80
29957.597 0.09994736842107063 76
29974.279 0.08648863636360395 88
29990.914 0.08712643678162926 87
30007.749 0.08904597701148723 87
