58.819 0.44347252747252747 91
112.454 0.25461437908496726 153
138.521 0.0780522875816993 153
148.573 0.07483458646616543 133
160.052 0.09853921568627438 102
176.045 0.10082795698924711 93
192.779 0.08433035714285708 112
209.43 0.08418750000000001 112
225.991 0.08879047619047627 105
242.66 0.10026881720430095 93
259.296 0.08685981308411199 107
275.945 0.0927800000000002 100
292.688 0.0874112149532711 107
309.328 0.08882857142857141 105
326.03 0.077371900826446 121
342.632 0.07946153846153868 117
359.314 0.08390090090090131 111
375.93 0.09452040816326565 98
392.569 0.08550000000000034 108
409.742 0.10704395604395651 91
425.877 0.080780701754386 114
442.549 0.09597916666666666 96
459.197 0.08675471698113232 106
475.882 0.09033333333333332 102
492.545 0.08150442477876138 113
509.21 0.08769523809523781 105
525.876 0.09692631578947337 95
542.49 0.0934183673469385 98
559.18 0.08344545454545431 110
575.892 0.09224000000000046 100
592.422 0.10327272727272817 88
609.161 0.09541666666666633 96
625.901 0.0914158415841579 101
641.472 0.08219191919191862 99
658.161 0.0807722772277218 101
674.815 0.092579545454546 88
691.484 0.08149 100
708.075 0.08238775510204152 98
724.74 0.08968888888888892 90
741.415 0.08161616161616088 99
758.114 0.08363917525773254 97
774.84 0.09502325581395378 86
791.533 0.07733962264150923 106
808.194 0.08446391752577302 97
824.826 0.08679787234042545 94
841.533 0.07960194174757348 103
858.189 0.08354081632653074 98
874.844 0.08176000000000044 100
891.477 0.10177499999999924 80
908.148 0.08313265306122498 98
924.816 0.09365517241379338 87
941.465 0.09564705882352936 85
958.154 0.08404123711340251 97
974.851 0.07439090909090902 110
991.441 0.09536470588235288 85
1008.109 0.07948039215686357 102
1024.797 0.07668867924528319 106
1041.415 0.07551401869158811 107
1058.1 0.0889890109890105 91
1074.748 0.07695238095238242 105
1091.424 0.08254081632653001 98
1108.116 0.08820652173913053 92
1124.754 0.08511578947368434 95
1141.799 0.09510112359550496 89
1158.521 0.0957415730337074 89
1175.184 0.09059574468085188 94
1191.831 0.08849999999999862 96
1208.484 0.0892947368421047 95
1225.219 0.08143809523809674 105
1241.853 0.0851800000000003 100
1258.584 0.09643820224719195 89
1275.18 0.09252173913043664 92
1291.846 0.08264077669902858 103
1308.515 0.095662921348316 89
1325.25 0.08497029702970403 101
1341.935 0.08190476190476104 105
1358.582 0.09641573033708012 89
1375.129 0.1128133333333335 75
1391.871 0.0981149425287363 87
1408.576 0.09220430107526931 93
1425.28 0.0906526315789482 95
1441.831 0.11178947368420877 76
1458.466 0.10581249999999898 80
1475.244 0.08491089108910913 101
1491.938 0.0843431372549026 102
1508.572 0.09316304347825992 92
1525.252 0.08759183673469449 98
1541.917 0.09430769230769098 91
1558.538 0.09485555555555594 90
1575.319 0.09011458333333404 96
1591.892 0.08732653061224482 98
1608.534 0.09077659574468222 94
1625.219 0.11876388888889108 72
1641.864 0.08046226415094336 106
1658.587 0.08177142857142869 105
1675.291 0.09372826086956573 92
1691.881 0.0909148936170218 94
1708.616 0.09465934065934102 91
1725.222 0.09100000000000093 94
1741.93 0.08953125000000028 96
1758.597 0.09047368421052661 95
1775.319 0.08738383838383906 99
1791.897 0.12408695652173765 69
1808.581 0.09427472527472473 91
1825.288 0.096853932584271 89
1841.907 0.08163809523809418 105
1858.677 0.07414529914529876 117
1875.316 0.09827272727272884 88
1891.894 0.09009473684210494 95
1908.58 0.09747727272727244 88
1925.317 0.1005697674418618 86
1941.91 0.115878378378379 74
1958.643 0.08817346938775589 98
1975.306 0.08638000000000147 100
1992.035 0.09255319148936218 94
2008.682 0.09041666666666733 96
2025.277 0.0896770833333349 96
2041.962 0.1106025641025635 78
2058.615 0.08281730769230605 104
2075.295 0.09276344086021454 93
2091.979 0.10671604938271331 81
2108.613 0.09896551724137555 87
2125.326 0.09838636363636252 88
2141.951 0.08882474226804109 97
2158.537 0.10943589743589235 78
2175.266 0.07816363636363596 110
2191.817 0.11016883116883344 77
2208.519 0.08966315789473236 95
2225.267 0.10116470588234948 85
2241.863 0.08792783505154636 97
2258.646 0.08732323232323214 99
2275.269 0.08114150943395904 106
2291.889 0.08818556701031018 97
2308.637 0.08995833333333299 96
2325.287 0.08978124999999675 96
2342.005 0.08584158415841656 101
2358.641 0.07854545454545339 110
2375.29 0.09910344827586028 87
2391.994 0.08834693877551385 98
2408.65 0.08563366336633552 101
2425.304 0.0890309278350512 97
2441.899 0.08396078431372403 102
2458.638 0.07781081081080825 111
2475.336 0.08936082474226459 97
2491.76 0.10401234567901459 81
2508.517 0.08349019607842767 102
2525.143 0.1046296296296285 81
2541.878 0.10952564102564256 78
2558.584 0.08940624999999613 96
2575.234 0.09734090909090685 88
2591.834 0.10239759036144333 83
2608.643 0.09292473118279382 93
2625.247 0.08754081632652778 98
2641.938 0.09558888888888961 90
2658.475 0.09969411764705535 85
2675.185 0.10139285714285506 84
2691.726 0.10897402597402697 77
2708.441 0.10047619047618571 84
2725.156 0.09029787234042372 94
2741.818 0.0942555555555575 90
2758.529 0.09072340425531694 94
2775.182 0.08777319587628525 97
2791.833 0.08331372549019654 102
2808.531 0.07754545454545222 110
2825.263 0.08953124999999791 96
2841.865 0.08978947368420785 95
2858.526 0.10396341463414191 82
2875.211 0.09186021505375984 93
2891.835 0.09550561797752809 89
2908.54 0.09814942528735356 87
2925.205 0.09701136363636144 88
2941.057 0.07354285714285479 105
2957.698 0.08458241758241386 91
2974.379 0.07788888888888672 99
2991.075 0.08599999999999758 90
3007.738 0.0690803571428538 112
3024.414 0.0870337078651696 89
3041.051 0.07793939393939288 99
3057.793 0.07950000000000171 98
3074.368 0.07699999999999818 100
3091.053 0.08389130434782442 92
3107.708 0.07339999999999886 105
3124.406 0.07895918367346764 98
3141.052 0.07717000000000099 100
3157.762 0.07608823529411733 102
3174.306 0.08486666666666577 90
3191.076 0.08148421052631563 95
3207.668 0.07986458333333246 96
3224.283 0.08556179775280653 89
3240.984 0.09806410256410111 78
3257.69 0.08639325842696462 89
3274.33 0.079812499999998 96
3290.979 0.10059210526315765 76
3307.684 0.0731714285714285 105
3324.306 0.08679545454545363 88
3341.065 0.07504854368932057 103
3357.73 0.07806060606060672 99
3374.388 0.0787755102040796 98
3391.051 0.07793939393939288 99
3407.701 0.08278494623655988 93
3424.325 0.08603370786516515 89
3440.983 0.08997647058823692 85
3457.726 0.08395652173913218 92
3474.362 0.08363043478260826 92
3491.011 0.10234666666666574 75
3507.764 0.08346236559139969 93
3524.383 0.08572222222221879 90
3541.073 0.08894252873563022 87
3557.742 0.08234042553191741 94
3574.387 0.08482417582417638 91
3591.069 0.08316129032257982 93
3607.734 0.08138947368421022 95
3624.385 0.0918690476190488 84
3641.088 0.07454807692307842 104
3657.716 0.07871428571428513 98
3674.423 0.07316037735848731 106
3691.07 0.09319277108433888 83
3707.739 0.09435365853658634 82
3724.473 0.07652941176470628 102
3741.137 0.07574757281553529 103
3757.77 0.10357333333333373 75
3774.418 0.07598039215686274 102
3791.11 0.08015463917525867 97
3807.831 0.08241052631579135 95
3824.437 0.08264893617021041 94
3841.104 0.08353763440859976 93
3857.801 0.07798999999999978 100
3874.504 0.07607766990291054 103
3891.102 0.0800721649484518 97
3907.859 0.0809999999999997 97
3924.471 0.08128124999999879 96
3941.18 0.09122093023255581 86
3957.824 0.08990804597701284 87
3974.501 0.086076923076924 91
3991.094 0.12123437500000023 64
4007.737 0.10743055555555732 72
4024.482 0.0797346938775495 98
4041.136 0.07156880733944891 109
4057.862 0.07860000000000128 100
4074.502 0.09553658536585162 82
4091.136 0.08388172043010679 93
4107.676 0.0983846153846151 78
4124.386 0.08389130434783432 92
4141.055 0.09301204819277416 83
4157.748 0.08419565217390419 92
4174.445 0.07335849056603623 106
4191.078 0.08325806451613325 93
4207.696 0.08454945054944511 91
4224.463 0.08205263157894814 95
4241.115 0.09046511627906681 86
4257.707 0.07943298969072089 97
4274.503 0.08516304347826127 92
4291.079 0.08604444444444097 90
4307.837 0.07462857142857371 105
4324.48 0.08877272727272612 88
4341.073 0.07231775700934845 107
4357.783 0.08367741935484035 93
4374.448 0.08840909090909835 88
4391.101 0.09245238095237644 84
4407.738 0.09435365853658634 82
4424.466 0.08664444444445205 90
4441.195 0.07782178217821457 101
4457.739 0.08793181818181108 88
4474.419 0.09569135802469388 81
4491.077 0.08797727272727487 88
4507.736 0.07974226804123374 97
4524.489 0.07820999999999913 100
4541.114 0.08188421052631097 95
4557.792 0.09618518518518725 81
4574.422 0.07179629629629541 108
4591.06 0.09088235294118074 85
4607.729 0.08309677419354909 93
4624.409 0.07443269230769217 104
4640.99 0.08601123595505332 89
4657.739 0.0716388888888812 108
4674.4 0.07434615384615356 104
4691.011 0.07913402061856067 97
4707.695 0.07851020408162761 98
4724.283 0.08752873563219185 87
4741.092 0.07317924528301516 106
4757.815 0.07586407766989704 103
4774.357 0.08009375000000318 96
4791.115 0.0827659574468058 94
4807.689 0.08542222222222336 90
4824.42 0.07752000000000407 100
4841.07 0.09319277108433341 83
4857.754 0.08161052631578633 95
4874.381 0.08666292134832189 89
4891.097 0.07609803921568349 102
4907.76 0.07389523809523824 105
4924.473 0.07727722772277516 101
4941.04 0.07783838383838516 99
4957.733 0.07731999999999971 100
4974.392 0.080458333333335 96
4991.043 0.08378260869564814 92
5007.672 0.09240963855420678 83
5024.294 0.10591666666666949 72
5041.047 0.07140740740740309 108
5057.695 0.08363043478260332 92
5074.392 0.09306024096385734 83
5091.057 0.08774999999999719 88
5107.694 0.10833802816901418 71
5124.388 0.09083529411764175 85
5141.941 0.08872164948453368 97
5158.687 0.08117757009345508 107
5175.279 0.09567777777778651 90
5192.057 0.06977599999999802 125
5208.709 0.08138317757008999 107
5225.304 0.09490109890110354 91
5241.94 0.09778409090908595 88
5258.616 0.08614999999999781 100
5275.258 0.09544444444444607 90
5291.954 0.09577777777777656 90
5308.727 0.07587826086956224 115
5325.296 0.09804545454546149 88
5342.016 0.08680999999999585 100
5358.668 0.08333653846153329 104
5375.271 0.09558888888888961 90
5391.938 0.09776136363636438 88
5408.63 0.11505333333333208 75
5425.31 0.07785585585586248 111
5441.936 0.08601999999999861 100
5458.5 0.09768965517241145 87
5475.218 0.09827586206896761 87
5491.919 0.09981395348837015 86
5508.565 0.08563999999999396 100
5525.231 0.10571604938271731 81
5541.797 0.09955294117646511 85
5558.512 0.09151612903225283 93
5575.208 0.08133333333333298 105
5591.838 0.09553932584269327 89
5608.595 0.09240860215053819 93
5625.146 0.09019148936170282 94
5641.903 0.11127272727273001 77
5658.475 0.08920000000000168 95
5675.263 0.08595000000000255 100
5691.878 0.09707954545454166 88
5708.532 0.0937472527472522 91
5725.278 0.08876288659794415 97
5741.87 0.10160714285714112 84
5758.476 0.09853488372092152 86
5775.228 0.08916666666667084 96
5791.941 0.08692929292929058 99
5808.495 0.09763218390804237 87
5825.292 0.0813584905660444 106
5841.884 0.0899894736842103 95
5858.62 0.08886597938144217 97
5875.226 0.0950888888888888 90
5891.882 0.11246052631578382 76
5908.648 0.08235238095238033 105
5925.331 0.08249523809524059 105
5941.901 0.08740816326530412 98
5958.54 0.07692792792792577 111
5975.242 0.10330120481928343 83
5992.019 0.09439130434782822 92
6008.58 0.11593243243242869 74
6025.362 0.09450000000000451 92
6041.921 0.09868965517241655 87
6058.56 0.09105319148936379 94
6075.179 0.10639999999999646 80
6091.898 0.09621348314606856 89
6108.572 0.11131168831168718 77
6125.293 0.07912844036697247 109
6141.93 0.08681818181818439 99
6158.568 0.10983333333333342 78
6175.291 0.08710101010101517 99
6191.949 0.0936304347826041 92
6208.686 0.09758426966291563 89
6225.332 0.09316129032258784 93
6241.974 0.10665432098765584 81
6258.582 0.0953444444444459 90
6275.324 0.0857029702970292 101
6291.996 0.08837755102040876 98
6308.659 0.09113684210525734 95
6325.319 0.08827551020408927 98
6341.958 0.0837184466019378 103
6358.701 0.0820754716981115 106
6375.303 0.0992528735632209 87
6391.985 0.08917525773195502 97
6408.612 0.0906421052631566 95
6428.312 0.1279560439560465 91
6441.168 0.09215294117646622 85
6457.86 0.08930681818181214 88
6474.476 0.08306382978723396 94
6491.221 0.07104504504504065 111
6507.812 0.08398924731182467 93
6524.413 0.09331325301204688 83
6541.123 0.07787999999999556 100
6557.782 0.08277659574468031 94
6574.402 0.07582352941176841 102
6591.08 0.07984536082474114 97
6607.714 0.09522222222221899 81
6624.382 0.08970930232557252 86
6641.046 0.0786836734693902 98
6657.795 0.07021621621621503 111
6674.447 0.08019587628866444 97
6691.136 0.07223148148148505 108
6707.798 0.08568131868131397 91
6724.464 0.08759550561798063 89
6741.066 0.0849560439560414 91
6757.889 0.0804795918367318 98
6774.459 0.10118181818182036 77
6791.063 0.09540740740740822 81
6807.821 0.0759126213592185 103
6824.498 0.07317757009345727 107
6841.149 0.08139583333333651 96
6857.708 0.08960465116278164 86
6874.382 0.09764556962025243 79
6891.156 0.08146874999999909 96
6907.81 0.07297196261682236 107
6924.52 0.07932323232323299 99
6941.123 0.0837419354838662 93
6957.831 0.07751485148514578 101
6974.453 0.08109375000000796 96
6991.146 0.08678888888888549 90
7007.728 0.0839782608695615 92
7024.43 0.09025581395349565 86
7040.959 0.08286956521738909 92
7057.694 0.08452747252747261 91
7074.379 0.08203191489361958 94
7091.049 0.08571111111111046 90
7107.778 0.07476923076922923 104
7124.441 0.08541758241758393 91
7141.132 0.08383870967741473 93
7157.675 0.08922093023255552 86
7174.447 0.07779000000000451 100
7191.097 0.08921839080459444 87
7207.829 0.07454285714285062 105
7224.457 0.08751685393259179 89
7241.132 0.08121874999999552 96
7257.795 0.07493269230768909 104
7274.429 0.07840404040403753 99
7291.139 0.09634567901234675 81
7307.823 0.08320212765957354 94
7324.5 0.07911111111111449 99
7341.129 0.09169411764705729 85
7357.852 0.08263157894736267 95
7374.478 0.08775280898876854 89
7391.114 0.08454347826086236 92
7407.85 0.07007142857142819 112
7424.49 0.09424096385542309 83
7441.089 0.08912643678160811 87
7457.8 0.08664444444444194 90
7474.484 0.0737358490566105 106
7491.336 0.08989887640449667 89
7507.703 0.09507407407407434 81
7524.405 0.0850219780219789 91
7541.067 0.08687640449438169 89
7557.774 0.0769504950495043 101
7574.398 0.09202380952381516 84
7591.044 0.07204672897196106 107
7607.792 0.0837741935483889 93
7624.49 0.07310280373831884 107
7641.021 0.10528767123287253 73
7657.805 0.07292523364485873 107
7674.439 0.07849494949495596 99
7691.119 0.08746067415729945 89
7707.742 0.09214285714285454 84
7724.43 0.07392380952381548 105
7741.072 0.08144210526315873 95
7757.766 0.09134117647057899 85
7774.417 0.09225000000000841 84
7791.114 0.08456521739130159 92
7807.818 0.07738613861385944 101
7824.357 0.0883793103448311 87
7841.139 0.07432380952381036 105
7857.773 0.10361333333332974 75
7874.455 0.08196842105263434 95
7891.142 0.10843055555555263 72
7907.756 0.09815189873417601 79
7924.5 0.07530769230769553 104
7941.145 0.08135416666667084 96
7957.772 0.09961538461537855 78
7974.295 0.09189156626506514 83
7991.058 0.08581111111111063 90
8007.706 0.08656179775280588 89
8024.38 0.08381521739130696 92
8041.036 0.08751136363636389 88
8057.699 0.08746590909090007 88
8074.389 0.07878571428571897 98
8091.133 0.08384946236558898 93
8107.723 0.08675280898875898 89
8124.422 0.09342168674698681 83
8141.169 0.07460952380952221 105
8157.791 0.08466304347825826 92
8174.448 0.08456521739131147 92
8191.104 0.09033720930232829 86
8207.782 0.09261904761903376 84
8224.49 0.08321276595744805 94
8241.172 0.1017922077922044 77
8257.803 0.08572527472526897 91
8274.479 0.07733663366336331 101
8291.097 0.10780555555556424 72
8307.794 0.09167058823528779 85
8324.482 0.08055670103093099 97
8341.102 0.08175789473685942 95
8357.774 0.08732584269661826 89
8374.536 0.08839325842696842 89
8391.162 0.09101162790698994 86
8407.782 0.07702970297028551 101
8424.484 0.08589010989011772 91
8441.067 0.08138947368421022 95
8457.769 0.0800721649484518 97
8474.441 0.0785151515151621 99
8491.09 0.07602941176471587 102
8507.796 0.08291489361701988 94
8524.45 0.0904767441860565 86
8541.152 0.07042342342343168 111
8557.843 0.07613592233010245 103
8574.397 0.07968041237114618 97
8591.086 0.09452439024390492 82
8607.839 0.07760396039603701 101
8624.494 0.07672549019608756 102
8641.162 0.0807010309278301 97
8657.714 0.08383695652173628 92
8674.412 0.08800000000000678 88
8691.083 0.09334939759037846 83
8707.801 0.07090909090908429 110
8724.48 0.07658823529411665 102
8741.134 0.08666666666665858 90
8757.788 0.08950574712643979 87
8774.497 0.08698888888888581 90
8791.098 0.08821590909091852 88
8807.821 0.08593406593406273 91
8824.559 0.06521487603305473 121
8841.217 0.08567391304349377 92
8857.805 0.09074418604651265 86
8874.476 0.0907906976744291 86
8891.09 0.09574074074075331 81
8907.945 0.09131034482758052 87
8924.467 0.077217821782187 101
8941.04 0.09512345679014501 81
8957.767 0.07613725490195708 102
8974.373 0.08284946236559061 93
8991.113 0.08940229885057756 87
9007.792 0.07419999999999294 105
9024.436 0.0882727272727276 88
9041.05 0.1056849315068513 73
9057.806 0.06907079646017956 113
9074.481 0.07512500000000098 104
9091.039 0.08855172413794876 87
9107.706 0.09753164556961934 79
9124.494 0.08325531914894607 94
9141.948 0.09900000000001372 87
9158.645 0.10169411764706156 85
9175.324 0.0892371134020707 97
9191.966 0.09085263157896023 95
9207.961 0.08558064516127874 93
9224.396 0.09782278481013892 79
9241.137 0.08967816091955746 87
9257.776 0.07133027522935446 109
9274.498 0.08329787234042475 94
9291.094 0.0923690476190478 84
9307.773 0.10502702702701386 74
9324.465 0.08038144329897402 97
9341.163 0.07248148148149387 108
9357.811 0.08977011494252288 87
9374.451 0.08744943820224098 89
9390.951 0.08277173913043241 92
9407.73 0.08051041666665999 96
9424.385 0.08480219780220388 91
9441.081 0.08903448275863222 87
9457.718 0.1015394736842178 76
9474.415 0.08241489361703412 94
9491.054 0.09529629629630815 81
9507.691 0.09612500000000637 80
9524.423 0.07180555555556499 108
9541.117 0.09155294117648309 85
9557.742 0.08414130434782593 92
9574.477 0.08488043478262072 92
9591.127 0.08032989690722969 97
9607.792 0.09165882352940304 85
9624.435 0.09831645569620032 79
9641.147 0.08777528089889569 89
9657.746 0.07668316831682159 101
9674.475 0.09638271604939135 81
9691.055 0.0804166666666788 96
9707.777 0.07854545454545293 99
9724.478 0.09297619047618441 84
9741.086 0.08612222222222449 90
9757.817 0.07514423076921818 104
9774.456 0.07710891089109372 101
9791.104 0.0872921348314633 89
9807.864 0.08640659340658653 91
9824.477 0.09187058823530712 85
9841.148 0.08311702127659683 94
9857.708 0.08198936170213122 94
9874.383 0.09295180722891741 83
9891.11 0.09040697674420296 86
9907.754 0.07527184466020011 103
9924.417 0.09116470588235054 85
9941.046 0.08116842105264369 95
9957.742 0.08235106382978707 94
9974.446 0.07778000000000247 100
9991.194 0.07144545454545799 110
10007.729 0.0909176470588136 85
10024.408 0.08999999999999746 86
10041.186 0.07773267326733235 101
10057.749 0.09334939759035654 83
10074.344 0.09138095238094615 84
10091.13 0.08119791666666742 96
10107.754 0.09015116279070479 86
10124.454 0.08847727272727339 88
10141.16 0.080670103092791 97
10157.789 0.09383132530121042 83
10174.431 0.08722471910113291 89
10191.109 0.09254761904763395 84
10207.798 0.0787575757575806 99
10224.455 0.08652222222222514 90
10241.159 0.07903030303030832 99
10257.699 0.08459340659341011 91
10274.454 0.07415238095238151 105
10291.169 0.07605825242719168 103
10307.768 0.08726966292134636 89
10324.353 0.08445054945054385 91
10341.003 0.09128571428573196 84
10357.702 0.0927831325301098 83
10374.39 0.08043749999999743 96
10391.156 0.07980612244899726 98
10407.719 0.09081176470587225 85
10424.411 0.07821212121212517 99
10441.043 0.08564444444445042 90
10457.757 0.07679207920791488 101
10474.513 0.07845000000001164 100
10491.128 0.09992307692307524 78
10507.845 0.0761553398058169 103
10524.501 0.07389622641509942 106
10541.138 0.07158715596331837 109
10557.815 0.09192941176470948 85
10574.503 0.08705555555556607 90
10591.131 0.07955102040816608 98
10607.807 0.08971264367816427 87
10624.453 0.08370967741935327 93
10641.154 0.07741584158417153 101
10657.789 0.09162352941177018 85
10674.389 0.08977906976743662 86
10691.207 0.07426415094340762 106
10707.833 0.08702222222222594 90
10724.469 0.07960204081632119 98
10741.152 0.09650617283951748 81
10757.766 0.08260638297871721 94
10774.448 0.08365591397850167 93
10791.09 0.0724766355140282 107
10807.774 0.0726448598130769 107
10824.406 0.09103529411766109 85
10840.999 0.10356756756757661 74
10857.734 0.07094495412844197 109
10874.416 0.09334939759035654 83
10891.041 0.07706000000000131 100
10907.731 0.08311827956988778 93
10924.524 0.0714181818181797 110
10941.09 0.07755000000001018 100
10957.788 0.08284042553191769 94
10974.417 0.09010465116278833 86
10991.221 0.07965656565656992 99
11007.924 0.11002777777778444 72
11024.468 0.07289719626169244 107
11041.137 0.08865909090910794 88
11057.768 0.09136470588234849 85
11074.458 0.08375268817205021 93
11091.149 0.09086046511628262 86
11107.757 0.08164210526315162 95
11124.417 0.08609999999999773 90
11141.1 0.08005154639176533 97
11157.732 0.08886206896551456 87
11174.542 0.08117525773195666 97
11191.193 0.07209174311926765 109
11207.85 0.0792828282828299 99
11224.468 0.08765168539327298 89
11241.164 0.08698888888890603 90
11258.065 0.06951724137931298 116
11274.339 0.09354878048780825 82
11291.063 0.0813473684210629 95
11307.708 0.0865955056179813 89
11324.404 0.09670000000000982 80
11341.156 0.07900000000001749 99
11357.724 0.10578082191780483 73
11374.4 0.08687640449438169 89
11391.068 0.0954691358024713 81
11407.864 0.06837391304347282 115
11424.462 0.08118749999999864 96
11441.138 0.09180000000002003 85
11457.786 0.07558252427184324 103
11474.446 0.09602469135802774 81
11491.062 0.09198809523810442 84
11507.789 0.0794693877551068 98
11524.43 0.0816947368421097 95
11541.201 0.07788118811881174 101
11557.828 0.07247222222221589 108
11574.466 0.07644117647059294 102
11591.161 0.09782500000001164 80
11607.793 0.08854545454544843 88
11624.489 0.08062886597938054 97
11641.144 0.08975862068966789 87
11657.739 0.08503296703296016 91
11674.443 0.08271276595744294 94
11691.138 0.07881818181819901 99
11707.761 0.08000000000000225 97
11724.491 0.08789887640449798 89
11741.032 0.08552222222222351 90
11757.67 0.10651388888888708 72
11774.394 0.08490109890110514 91
11791.083 0.08705617977529675 89
11807.713 0.08292473118279069 93
11824.441 0.07931632653062294 98
11841.024 0.09263855421687116 83
11857.769 0.0882727272727276 88
11874.417 0.0824361702127638 94
11891.103 0.07846464646464676 99
11907.765 0.0882272727272638 88
11924.474 0.09404819277109029 83
11941.107 0.08635555555556493 90
11957.863 0.07082882882882136 111
11974.44 0.08732584269663869 89
11991.184 0.08176041666666833 96
12007.815 0.08312765957447134 94
12024.464 0.08960919540230203 87
12041.145 0.09409638554218445 83
12057.884 0.0743679245283001 106
12074.477 0.0765588235294226 102
12091.24 0.07984848484849147 99
12107.81 0.08975862068964698 87
12124.449 0.07703960396040455 101
12141.064 0.08684269662922672 89
12157.722 0.08675280898875898 89
12174.387 0.09081176470589365 85
12191.054 0.08211702127660596 94
12207.708 0.07555882352941505 102
12224.346 0.09034117647058926 85
12241.092 0.07835353535354976 99
12257.761 0.07119266055046072 109
12274.367 0.09165476190476814 84
12291.139 0.09181176470588338 85
12307.664 0.09232530120482489 83
12324.496 0.0692743362831816 113
12341.066 0.0942804878048974 82
12357.701 0.08369565217390118 92
12374.438 0.08445652173913518 92
12391.15 0.0822631578947422 95
12407.802 0.08298936170212208 94
12424.509 0.08522826086956901 92
12441.08 0.09803797468355444 79
12457.82 0.08498913043477722 92
12474.475 0.0678869565217452 115
12491.155 0.0850000000000166 92
12507.821 0.08886363636363305 88
12524.484 0.08404301075269584 93
12541.058 0.08394565217393234 92
12557.778 0.09043023255814005 86
12574.474 0.07032432432432878 111
12591.086 0.08425000000000221 92
12607.857 0.06952212389380324 113
12624.512 0.08170833333334333 96
12641.09 0.0871348314606856 89
12657.773 0.08540659340658269 91
12674.353 0.08445054945054385 91
12691.092 0.08431521739131985 92
12707.708 0.08028125000000348 96
12724.374 0.08468131868132012 91
12741.023 0.09044705882353062 85
12757.772 0.08446739130435478 92
12774.403 0.08500000000000639 91
12791.006 0.10804225352113066 71
12807.726 0.10032467532468005 77
12824.46 0.08755056179774676 89
12841.081 0.09006976744187215 86
12857.77 0.07927551020408401 98
12874.488 0.07174311926605238 109
12891.131 0.07875757575756223 99
12907.91 0.0841382978723367 94
12924.447 0.08548351648352144 91
12941.119 0.0836989247311986 93
12957.762 0.08528571428571892 91
12974.419 0.10067532467532997 77
12991.108 0.0863666666666783 90
13007.811 0.09762499999999363 80
13024.495 0.0798673469387871 98
13041.174 0.08710000000001956 90
13057.83 0.07675490196078161 102
13074.406 0.09672500000001491 80
13091.165 0.08419354838711555 93
13107.78 0.08455434782609186 92
13124.462 0.08757303370786369 89
13141.804 0.09106451612904258 93
13158.542 0.08990526315788692 95
13175.188 0.09161290322581114 93
13191.854 0.09905813953488643 86
13208.551 0.0814285714285645 105
13225.292 0.11056410256409996 78
13241.929 0.08263461538462462 104
13258.603 0.08433333333332306 102
13275.284 0.10637037037037018 81
13291.931 0.08596000000001368 100
13308.602 0.10118823529412432 85
13325.287 0.10260714285714996 84
13341.901 0.0951777777777857 90
13358.629 0.09480219780220228 91
13375.333 0.09121052631579867 95
13391.937 0.09249462365592227 93
13408.612 0.09674157303369396 89
13425.276 0.08874226804123891 97
13441.978 0.08643000000000028 100
13458.619 0.09904597701149642 87
13475.299 0.09807954545455934 88
13491.953 0.10639506172839991 81
13508.597 0.08953124999999318 96
13525.353 0.0904687499999947 96
13541.96 0.08984375 96
13558.653 0.10681481481481535 81
13575.276 0.0878265306122446 98
13591.941 0.0925376344086192 93
13608.682 0.0904166666666697 96
13625.352 0.09868181818183075 88
13641.964 0.08218095238096014 105
13658.892 0.08549038461538097 104
13675.213 0.0939010989010997 91
13691.9 0.09732954545455125 88
13708.528 0.09167741935483699 93
13725.217 0.100564705882361 85
13741.95 0.09467032967034726 91
13758.508 0.1037317073170659 82
13775.271 0.08040186915888761 107
13791.913 0.09638202247192515 89
13808.572 0.08485148514851197 101
13825.288 0.10385542168675663 83
13841.922 0.09984883720931806 86
13858.565 0.09842528735632301 87
13875.259 0.09440659340659724 91
13891.966 0.07775675675676777 111
13908.581 0.09639325842696318 89
13925.256 0.0867474747474721 99
13941.956 0.11809589041097265 73
13958.61 0.08439215686274681 102
13975.213 0.09601123595505699 89
13991.896 0.0882577319587785 97
14008.564 0.09307608695652285 92
14025.271 0.07891743119266763 109
14041.931 0.08345631067962493 103
14058.595 0.10877215189872073 79
14075.275 0.09355434782608664 92
14091.976 0.09932183908047633 87
14108.585 0.09536666666665244 90
14125.423 0.08107407407408539 108
14142.023 0.09872727272727388 88
14158.581 0.10998717948717594 78
14175.293 0.09913793103448276 87
14191.916 0.08331067961165176 103
14208.586 0.08941666666665544 96
14225.338 0.08257142857142927 105
14241.991 0.08089719626169027 107
14258.606 0.09777272727272 88
14275.239 0.0865757575757567 99
14291.931 0.09144680851065284 94
14308.543 0.1138799999999901 75
14325.24 0.09119148936170336 94
14341.917 0.09033684210526668 95
14358.589 0.09436263736263224 91
14375.31 0.08390291262135753 103
14391.99 0.1018235294117724 85
14408.564 0.08736734693877447 98
14425.267 0.10360240963855614 83
14441.925 0.10349397590361621 83
14458.666 0.09024999999998802 96
14475.385 0.083817307692313 104
14491.946 0.09359782608696507 92
14508.592 0.11606756756756678 74
14525.286 0.09470329670330102 91
14541.948 0.088793814433002 97
14558.539 0.1123289473684245 76
14575.23 0.11415999999999864 75
14591.87 0.12021126760565737 71
14608.549 0.10423170731707902 82
14625.306 0.10044186046512592 86
14641.992 0.08487254901961826 102
14658.697 0.08441747572815252 103
14675.327 0.08746464646464294 99
14691.909 0.09121276595745238 94
14708.468 0.11288000000000466 75
14725.319 0.07269747899159529 119
14741.855 0.08192307692308112 104
14757.761 0.0881704545454547 88
14774.411 0.08700000000000442 89
14791.091 0.07679207920793289 101
14807.697 0.09993506493506116 77
14824.335 0.09349999999999344 82
14841.074 0.08061458333334788 96
14857.774 0.08634444444443135 90
14874.498 0.0775247524752468 101
14891.114 0.08019587628866444 97
14907.889 0.08667032967031656 91
14924.468 0.07647058823530482 102
14941.09 0.07385714285715256 105
14957.816 0.08312765957447134 94
14974.497 0.09103488372092702 86
14991.164 0.07527884615386099 104
15007.774 0.08181052631577922 95
15024.42 0.0833548387096818 93
15041.161 0.0774851485148607 101
15057.8 0.07957142857141698 98
15074.517 0.07547115384615538 104
15091.086 0.10916901408450991 71
15107.763 0.08819318181818661 88
15124.48 0.08310638297872232 94
15141.178 0.08433333333334148 93
15157.79 0.07788000000000465 100
15174.42 0.09570370370370873 81
15191.055 0.0804166666666788 96
15207.709 0.10276000000000446 75
15224.377 0.07786868686869436 99
15241.052 0.08038541666667243 96
15257.755 0.0731320754716848 106
15274.333 0.09125000000001039 84
15291.067 0.09315662650602374 83
15307.758 0.08714606741572363 89
15324.416 0.08905747126436313 87
15341.091 0.08251063829788534 94
15357.705 0.08854022988505195 87
15374.4 0.09315662650602374 83
15391.11 0.08098958333334849 96
15407.816 0.08402150537634737 93
15424.496 0.07906060606059916 99
15441.16 0.07523076923077426 104
15457.786 0.08108333333332969 96
15474.444 0.08099999999999834 96
15491.153 0.07238888888889926 108
15507.872 0.0803061224489692 98
15524.36 0.10536986301371119 73
15541.156 0.08501086956523621 92
15557.761 0.08254255319148952 94
15574.496 0.08795505617976988 89
15591.171 0.09006896551725459 87
15607.752 0.08908045977011494 87
15624.458 0.07948979591837625 98
15641.358 0.0901460674157421 89
15657.683 0.08534444444444994 90
15674.377 0.08661797752809823 89
15691.03 0.09160714285716105 84
15707.79 0.07561165048544141 103
15724.432 0.08531868131869268 91
15741.126 0.0728130841121596 107
15757.835 0.08075257731957443 97
15774.442 0.0726448598130769 107
15791.061 0.09779746835443756 79
15807.793 0.07790999999999258 100
15824.389 0.07644554455445098 101
15841.06 0.08583333333333737 90
15857.722 0.0857777777777705 90
15874.4 0.08887356321839048 87
15891.178 0.07398113207547692 106
15907.75 0.0911529411764658 85
15924.441 0.08934482758621894 87
15941.098 0.0892413793103358 87
15957.755 0.09121176470586814 85
15974.557 0.07659223300971876 103
15991.108 0.09479268292684205 82
16007.76 0.07388571428571249 105
16024.451 0.08945977011493618 87
16041.128 0.0885454545454691 88
16057.771 0.092488095238098 84
16074.473 0.09075581395349176 86
16091.115 0.08741573033708601 89
16107.77 0.08091666666666697 96
16124.415 0.0870449438202383 89
16141.034 0.08952325581395958 86
16157.722 0.08126315789472995 95
16174.477 0.07968367346939904 98
16191.116 0.07781000000000858 100
16207.687 0.08732954545453966 88
16224.408 0.07739999999999782 100
16241.075 0.08896551724139772 87
16257.776 0.08009278350515704 97
16274.524 0.08727777777777293 90
16291.112 0.07336792452830229 106
16307.802 0.08863636363635537 88
16324.516 0.07546153846153804 104
16341.071 0.08790909090909983 88
16357.749 0.09683749999999236 80
16374.448 0.07339622641510052 106
16391.144 0.08220000000001164 95
16407.763 0.08345161290321078 93
16424.434 0.10354666666666162 75
16441.081 0.08606666666665762 90
16457.835 0.07604854368930795 103
16474.48 0.08137499999997999 96
16491.162 0.08794382022473185 89
16507.836 0.07253703703702706 108
16524.449 0.08105208333332332 96
16541.13 0.07795000000001892 100
16557.806 0.07576699029126298 103
16574.501 0.09552439024388683 82
16591.071 0.0690625000000052 112
16607.763 0.09824050632909624 79
16624.37 0.07859183673466834 98
16641.043 0.08029166666669123 96
16657.685 0.08933720930233607 86
16674.42 0.08159999999996599 95
16691.066 0.09203571428571151 84
16707.758 0.06863716814160374 113
16724.42 0.08710112359546932 89
16741.045 0.08662921348313626 89
16757.756 0.08162105263158753 95
16774.425 0.091247058823501 85
16791.094 0.08254255319150887 94
16807.784 0.09048837209301445 86
16824.468 0.08478260869564426 92
16841.093 0.07997938144331578 97
16857.839 0.08426881720429606 93
16874.465 0.07875757575756223 99
16891.156 0.08062886597938054 97
16907.806 0.11148571428571553 70
16924.367 0.10402702702698219 74
16941.093 0.0775800000000163 100
16957.816 0.0849347826086792 92
16974.498 0.07909090909088998 99
16991.12 0.08370967741935327 93
17007.763 0.10347999999998138 75
17024.429 0.07919387755100615 98
17041.142 0.07807000000000698 100
17057.726 0.09777215189871317 79
17074.366 0.0938780487804917 82
17091.105 0.07330188679245694 106
17107.664 0.09232530120482489 83
17124.433 0.09029069767441184 86
17141.929 0.09765909090910183 88
17158.6 0.0934673913043298 92
17175.374 0.08883673469386033 98
17191.936 0.08959375000002485 96
17208.6 0.10486585365851636 82
17225.238 0.10451219512194768 82
17241.934 0.09051578947370505 95
17258.636 0.10660493827158518 81
17275.265 0.09447252747250477 91
17292.021 0.07825225225226588 111
17308.606 0.11032051282050723 78
17325.357 0.09343010752686545 93
17341.947 0.10901265822786063 79
17358.594 0.10109411764706773 85
17375.292 0.08135849056603581 106
17392.001 0.10316666666667948 84
17407.738 0.09435365853659744 82
17424.509 0.0719357798164836 109
17441.145 0.08221052631580326 95
17457.851 0.09235294117645347 85
17474.397 0.0942560975609678 82
17491.109 0.08835227272728927 88
17507.811 0.07969387755103377 98
17524.452 0.09157647058823118 85
17541.184 0.08009183673471407 98
17557.684 0.07920618556701961 97
17574.434 0.07765999999999622 100
17591.059 0.08487912087914262 91
17607.769 0.07926530612244928 98
17624.407 0.08411956521736695 92
17641.075 0.08600000000001778 90
17657.77 0.07616666666666895 102
17674.437 0.08828409090909356 88
17691.09 0.08913793103449447 87
17707.756 0.10623287671234272 73
17724.485 0.08058762886597008 97
17741.09 0.08250000000001084 94
17757.817 0.07041441441440445 111
17774.438 0.0893103448275494 87
17791.139 0.07432380952381036 105
17807.775 0.09717500000001564 80
17824.481 0.08401075268815358 93
17841.15 0.0744285714285936 105
17857.856 0.07934343434342993 99
17874.423 0.09693749999996726 80
17891.093 0.08917241379312218 87
17907.813 0.08137499999997999 96
17924.409 0.09440243902436789 82
17941.171 0.0791515151515084 99
17957.711 0.09070588235293091 85
17974.438 0.0959259259258864 81
17991.093 0.08716853932586101 89
18007.717 0.0838695652173951 92
18024.395 0.08048958333332241 96
18041.046 0.08291397849461646 93
18057.736 0.08994186046512305 86
18074.395 0.08585555555554392 90
18091.051 0.07639603960396385 101
18107.73 0.09908974358973538 78
18124.378 0.09289156626504973 83
18141.186 0.07202752293580171 109
18157.804 0.08767415730336948 89
18174.397 0.08987209302324838 86
18191.125 0.08030927835052447 97
18207.763 0.0882045454545319 88
18224.454 0.08026804123711401 97
18241.137 0.08480434782608348 92
18257.724 0.0839456521738928 92
18274.478 0.06973214285712206 112
18291.162 0.08238947368422248 95
18307.812 0.08490217391305993 92
18324.433 0.07538834951455746 103
18341.07 0.08500000000000639 91
18357.817 0.08495652173911841 92
18374.514 0.08915909090906511 88
18391.093 0.07459615384616952 104
18407.836 0.08077319587627965 97
18424.429 0.09024418604649538 86
18441.083 0.08608888888888436 90
18457.803 0.08389247311827613 93
18474.64 0.07117431192658707 109
18491.022 0.09490123456792243 81
18507.744 0.08237234042551675 94
18524.485 0.07976530612243977 98
18541.145 0.08221052631580326 95
18557.728 0.08780681818180627 88
18574.459 0.07790999999997439 100
18591.153 0.07896969696968992 99
18607.747 0.07984536082473177 97
18624.412 0.08604444444443086 90
18641.094 0.07533009708739644 103
18657.804 0.08481521739130309 92
18674.446 0.08102083333331696 96
18691.038 0.09280722891567877 83
18707.832 0.06525833333331926 120
18724.504 0.09440963855420881 83
18741.142 0.08394623655914729 93
18757.803 0.08668888888888533 90
18774.503 0.06872807017543094 114
18791.094 0.08433695652175906 92
18807.759 0.0816631578947157 95
18824.479 0.08776404494379636 89
18841.195 0.08637362637363277 91
18857.791 0.09058139534884736 86
18874.541 0.0722293577981614 109
18891.135 0.08210526315788708 95
18907.874 0.0678706896551689 116
18924.455 0.08373118279570174 93
18941.306 0.08956179775282436 89
18957.758 0.08814772727274348 88
18974.399 0.08224468085106135 94
18991.09 0.08616666666667798 90
19007.794 0.07952040816328045 98
19024.414 0.08236170212768094 94
19041.022 0.10981428571431025 70
19057.713 0.08763636363635835 88
19074.442 0.07333962264148693 106
19091.159 0.07903030303030832 99
19107.807 0.07965306122449485 98
19124.416 0.08331182795698487 93
19141.12 0.08281914893616867 94
19157.822 0.07743564356435557 101
19174.559 0.07890999999999622 100
19191.103 0.09473170731707353 82
19207.753 0.09228571428571913 84
19224.512 0.07542307692305118 104
19241.132 0.07644117647061077 102
19257.872 0.06670338983050157 118
19274.479 0.07583495145629006 103
19291.086 0.0775 100
19307.877 0.08290526315789688 95
19324.506 0.0725648148148105 108
19341.107 0.08356989247312735 93
19357.824 0.0782300000000032 100
19374.444 0.0777599999999802 100
19391.088 0.10068831168831963 77
19407.75 0.07242056074766165 107
19424.394 0.08307526881719085 93
19441.065 0.07091743119265655 109
19457.743 0.07515533980580744 103
19474.411 0.07445192307690937 104
19491.131 0.08293617021278825 94
19507.742 0.0710183486238364 109
19524.426 0.09235714285711895 84
19541.078 0.07445192307694434 104
19557.71 0.08661797752807779 89
19574.491 0.07902020202020525 99
19591.11 0.08543956043957643 91
19607.773 0.0769504950495133 101
19624.52 0.07851999999998953 100
19641.09 0.07755000000001018 100
19657.803 0.08389247311827613 93
19674.423 0.08713483146064473 89
19691.083 0.09009302325580922 86
19707.785 0.08947126436781208 87
19724.415 0.07042727272726718 110
19741.163 0.07455238095239371 105
19757.863 0.08735555555556655 90
19774.549 0.08124742268038747 97
19791.138 0.08390322580645036 93
19807.781 0.0836559139784821 93
19824.393 0.11529850746266485 67
19841.128 0.08203157894738404 95
19857.825 0.08791011235955645 89
19874.371 0.09875641025638078 78
19891.015 0.09600000000000364 80
19907.778 0.07477884615382908 104
19924.433 0.08173684210525703 95
19941.103 0.0769108910891092 101
19957.805 0.08768539325842795 89
19974.409 0.08506593406591392 91
19991.106 0.08445652173913518 92
20007.845 0.08715555555556623 90
20024.427 0.07389523809522092 105
20041.174 0.09223529411764878 85
20057.784 0.09156470588234644 85
20074.448 0.0854945054944927 91
20091.137 0.08967816091953655 87
20107.775 0.08542857142858518 91
20124.452 0.08845454545454148 88
20141.084 0.07748999999999796 100
20157.802 0.08298936170212208 94
20174.476 0.08675555555552515 90
20191.168 0.07992857142859548 98
20207.833 0.08244210526314227 95
20224.483 0.09530487804876452 82
20241.024 0.08009375000002213 96
20257.806 0.07727722772277516 101
20274.472 0.09290476190476295 84
20291.143 0.08395698924732153 93
20307.752 0.09452439024390492 82
20324.499 0.08243157894735065 95
20341.0 0.09826923076924196 78
20357.689 0.08178723404253492 94
20374.418 0.08244680851063829 94
20391.126 0.08200000000000919 95
20407.704 0.08023958333334728 96
20424.356 0.09856410256408055 78
20440.983 0.09326829268293961 82
20457.766 0.08440217391303716 92
20474.391 0.08677528089885547 89
20491.109 0.07852525252526517 99
20507.75 0.08071874999999788 96
20524.482 0.07585436893202216 103
20541.25 0.06707627118644807 118
20557.892 0.06861739130434454 115
20574.377 0.10143421052630162 76
20591.101 0.07396190476190116 105
20607.739 0.08597777777779103 90
20624.396 0.09199999999998995 84
20641.099 0.094670731707305 82
20657.822 0.0798061224489787 98
20674.519 0.07337383177568924 107
20691.18 0.08170833333334333 96
20707.807 0.09404819277109029 83
20724.479 0.08777528089885482 89
20741.152 0.08228421052630629 95
20757.839 0.07464761904761655 105
20774.447 0.08643333333331814 90
20791.118 0.07861616161615603 99
20807.797 0.06960714285712909 112
20824.438 0.08177894736838522 95
20841.051 0.11022857142857642 70
20857.714 0.07208411214953027 107
20874.405 0.08409782608692773 92
20891.055 0.08772727272728596 88
20907.783 0.08843181818180958 88
20924.328 0.09341463414633969 82
20941.129 0.07284112149534287 107
20957.729 0.09907692307691225 78
20974.422 0.08520879120876018 91
20991.169 0.06932743362834125 113
21007.852 0.07850999999998748 100
21024.457 0.11127142857138617 70
21041.32 0.08494680851064448 94
21057.817 0.08141666666665515 96
21074.426 0.0912705882352705 85
21091.115 0.09725000000003092 80
21107.772 0.08355913978495312 93
21124.392 0.08777272727270842 88
21142.056 0.07518103448277041 116
21158.64 0.09598888888888016 90
21175.276 0.10760000000000218 80
21191.989 0.10062790697677058 86
21208.655 0.09615555555554035 90
21225.249 0.10593827160491744 81
21242.008 0.08105607476637854 107
21258.577 0.09424175824176848 91
21275.229 0.09619101123593118 89
21291.875 0.10047058823530439 85
21308.62 0.09072631578946082 95
21325.275 0.08693939393939365 99
21341.894 0.10312048192772416 83
21358.6 0.08430392156861119 102
21375.295 0.0871414141413815 99
21391.879 0.10171428571430581 84
21408.631 0.07990740740741684 108
21425.216 0.10960256410255216 78
21441.898 0.09207526881722496 93
21458.607 0.10893670886075654 79
21475.34 0.0802962962962839 108
21491.875 0.09488888888889858 90
21508.6 0.09772727272725619 88
21525.314 0.09397826086953263 92
21541.922 0.09541111111110594 90
21558.588 0.0850198019801934 101
21575.257 0.10104705882352873 85
21591.902 0.09518888888887886 90
21608.656 0.10955696202530171 79
21625.351 0.08682999999997264 100
21642.001 0.07950458715597318 109
21658.634 0.10401204819274688 83
21675.296 0.10150588235290557 85
21691.951 0.10018604651164889 86
21708.651 0.09942528735633857 87
21725.336 0.09963218390802123 87
21741.951 0.09365217391306309 92
21758.677 0.10088372093022646 86
21775.31 0.08909278350515284 97
21792.225 0.06945312499999545 128
21808.533 0.0870612244897882 98
21825.21 0.10169047619044813 84
21841.897 0.09513333333335242 90
21858.522 0.10024705882353695 85
21875.218 0.11103896103895158 77
21891.997 0.0902291666666694 96
21908.559 0.09302173913044459 92
21925.233 0.09844827586205392 87
21941.849 0.09786206896550821 87
21958.601 0.08865979381441799 97
21975.364 0.09152631578947062 95
21991.992 0.08571287128712123 101
22008.598 0.10484146341465331 82
22025.283 0.0916489361701911 94
22041.902 0.09625842696628199 89
22058.593 0.1060740740740809 81
22075.26 0.08678787878784762 99
22091.977 0.09393478260869376 92
22108.602 0.09556666666665276 90
22125.318 0.09010416666664393 96
22142.056 0.08550000000001341 102
22158.645 0.0971235955056206 89
22175.351 0.10096511627903795 86
22191.964 0.08297115384616169 104
22208.661 0.11246753246753058 77
22225.358 0.08046296296295084 108
22241.919 0.09537777777780623 90
22258.571 0.0962921348314574 89
22275.275 0.08438235294117619 102
22292.033 0.10115116279070377 86
22308.598 0.10882278481014647 79
22325.222 0.09504444444444542 90
22341.905 0.08569999999999708 100
22358.604 0.09776136363635404 88
22375.247 0.10213095238092744 84
22391.833 0.1062249999999949 80
22408.592 0.08948958333333697 96
22425.264 0.09446153846151352 91
22441.145 0.08051546391753928 97
22457.716 0.0795360824742283 97
22474.517 0.08349999999998235 94
22491.159 0.07451428571429071 105
22507.844 0.0891250000000086 88
22524.43 0.08436956521737833 92
22541.175 0.07919191919192066 99
22557.91 0.07125225225224911 111
22574.482 0.09086046511626147 86
22591.112 0.08453260869567242 92
22607.816 0.08403225806450204 93
22624.506 0.08708888888888598 90
22641.092 0.09696250000001783 80
22657.776 0.07775000000001456 100
22674.448 0.10103896103894593 77
22691.119 0.09157647058823118 85
22707.91 0.07189999999999683 110
22724.438 0.10090909090904933 77
22741.14 0.08130208333333637 96
22757.82 0.08144791666666151 96
22774.464 0.09171764705880538 85
22791.142 0.07729702970297721 101
22807.722 0.07083486238533365 109
22824.438 0.08265957446805104 94
22840.993 0.0957249999999931 80
22857.757 0.07995876288661054 97
22874.385 0.09297590361442067 83
22891.053 0.08671910112360401 89
22907.706 0.0951234567901001 81
22924.461 0.0811770833333109 96
22941.063 0.08399999999999083 92
22957.763 0.08721348314605401 89
22974.448 0.09046511627905623 86
22991.099 0.09134117647057899 85
23007.744 0.0944268292682753 82
23024.416 0.07747999999999593 100
23041.157 0.08233684210526439 95
23057.772 0.08731460674158023 89
23074.368 0.10694444444440403 72
23091.178 0.08169791666667454 96
23107.774 0.08096875000001091 96
23124.419 0.09227380952381195 84
23141.084 0.07379999999999806 105
23157.807 0.09881012658228475 79
23174.591 0.0769126213592103 103
23191.029 0.09617499999999382 80
23207.758 0.08715730337080255 89
23224.436 0.08442391304347636 92
23241.054 0.1029200000000128 75
23257.766 0.08724719101122941 89
23274.377 0.07557843137253846 102
23291.065 0.07292452830188267 106
23307.659 0.10076315789472956 76
23324.452 0.07783999999999651 100
23341.032 0.08552222222222351 90
23357.756 0.0833870967742045 93
23374.429 0.08345161290321078 93
23391.086 0.08612222222222449 90
23407.757 0.08339784946237873 93
23424.475 0.07966326530609245 98
23441.048 0.0876477272727243 88
23457.728 0.08398913043477121 92
23474.465 0.08962068965515703 87
23491.161 0.0774851485148607 101
23507.765 0.08723595505617095 89
23524.388 0.08041666666664089 96
23541.059 0.08581111111113084 90
23557.749 0.07906122448979176 98
23574.437 0.08929885057471532 87
23591.093 0.07916326530613908 98
23607.772 0.08731460674158023 89
23624.512 0.0825684210526034 95
23641.085 0.09451219512195122 82
23657.749 0.08514285714285266 91
23674.483 0.07661764705881069 102
23691.142 0.07885858585859291 99
23707.822 0.09537804878048674 82
23724.501 0.07531730769229537 104
23740.997 0.08065263157895013 95
23757.66 0.07091666666666344 108
23774.394 0.08779545454544033 88
23791.074 0.07896938775511629 98
23807.73 0.08782954545453818 88
23824.439 0.07195370370367594 108
23841.068 0.09316867469879729 83
23857.854 0.0777524752475164 101
23874.361 0.09050588235293296 85
23891.139 0.08302127659574561 94
23907.72 0.10156578947369685 76
23924.458 0.07789999999997235 100
23941.095 0.09700000000002547 80
23957.781 0.08644444444443151 90
23974.415 0.0922261904761832 84
23991.136 0.08126041666666121 96
24007.777 0.07854545454543456 99
24024.478 0.07809999999997672 100
24041.094 0.07917346938777381 98
24057.768 0.08006185567009919 97
24074.482 0.08879545454543734 88
24091.11 0.07475961538462937 104
24107.786 0.09052325581395179 86
24124.548 0.07229357798162735 109
24141.245 0.07461320754716652 106
24157.773 0.09143529411765698 85
24174.393 0.08489010989009389 91
24191.132 0.08760674157305955 89
24207.641 0.0878160919540163 87
24224.393 0.08879310344825914 87
24241.04 0.07942268041238704 97
24257.772 0.08094791666667334 96
24274.407 0.08146315789471326 95
24291.059 0.0908705882353174 85
24307.686 0.09041176470589776 85
24324.403 0.07892857142854025 98
24341.09 0.08521978021979142 91
24357.811 0.08775280898877875 89
24374.486 0.08406451612902474 93
24391.111 0.07476923076924671 104
24407.78 0.08020618556699831 97
24424.515 0.08173958333331181 96
24441.062 0.08398913043481077 92
24457.817 0.07738613861385044 101
24474.455 0.08111458333333606 96
24491.169 0.0824631578947638 95
24507.786 0.09052325581395179 86
24524.42 0.09013953488368337 86
24541.207 0.07497142857142275 105
24557.825 0.07903030303030832 99
24574.53 0.06836521739128132 115
24591.184 0.08176041666668728 96
24607.782 0.08190526315788463 95
24624.451 0.08192631578946787 95
24641.127 0.07870707070708365 99
24657.7 0.0986923076923118 78
24674.368 0.08850574712640333 87
24691.033 0.08367391304348173 92
24707.752 0.07909183673469596 98
24724.394 0.0908941176470441 85
24741.053 0.08298924731183609 93
24757.758 0.07915306122450434 98
24774.422 0.08428260869562149 92
24791.094 0.08918390804599809 87
24807.796 0.08472826086954624 92
24824.38 0.11017142857142193 70
24841.03 0.09618749999999636 80
24857.832 0.07910101010099305 99
24874.47 0.08480434782608348 92
24891.083 0.09223809523809039 84
24907.731 0.08588888888888403 90
24924.528 0.082736842105231 95
24941.077 0.099256410256436 78
24957.707 0.09173809523807515 84
24974.437 0.10222368421052938 76
24991.115 0.0748076923077161 104
25007.776 0.0793367346938924 98
25024.383 0.0866853932584286 89
25041.218 0.0710180180180327 111
25057.783 0.08278723404254514 94
25074.438 0.07769999999996799 100
25091.212 0.06153906250000318 128
25107.843 0.08254736842105845 95
25124.462 0.07566990291260242 103
25142.141 0.11586842105263809 76
25158.567 0.09205376344083736 93
25175.288 0.07981481481480539 108
25191.864 0.10661250000002838 80
25208.539 0.09180645161290824 93
25225.237 0.10579012345678401 81
25241.892 0.09507777777778553 90
25258.589 0.09649438202246896 89
25275.255 0.08418627450979936 102
25292.007 0.08259047619049809 105
25308.619 0.09070526315787758 95
25325.318 0.09201063829784695 94
25342.017 0.08348076923077595 104
25358.588 0.098701149425282 87
25375.203 0.0937912087912072 91
25391.944 0.09062105263158293 95
25408.611 0.10250000000000693 84
25425.283 0.0836310679611433 103
25441.978 0.10940506329113961 79
25458.588 0.08852577319587149 97
25475.263 0.09549999999997251 90
25491.974 0.08998958333332514 96
25508.678 0.09860227272726908 88
25525.246 0.10091764705879648 85
25541.944 0.0989540229885101 87
25558.685 0.08771717171718289 99
25575.297 0.09379347826083888 92
25591.967 0.1003720930232724 86
25608.603 0.10363855421685485 83
25625.35 0.08596039603957485 101
25641.91 0.09423076923077722 91
25658.657 0.09306451612901974 93
25675.194 0.08119999999998115 105
25691.934 0.08036448598132691 107
25708.564 0.09514444444442537 90
25725.223 0.08729591836734991 98
25741.922 0.08336893203883043 103
25758.518 0.09257608695651984 92
25775.287 0.07907339449540163 109
25791.975 0.08554455445543978 101
25808.656 0.09616666666665373 90
25825.249 0.09751136363634445 88
25841.887 0.10059999999999383 85
25858.609 0.09671910112359747 89
25875.256 0.09436263736263224 91
25891.972 0.08551485148517272 101
25908.585 0.09981395348835957 86
25925.251 0.12088732394364393 71
25941.934 0.08513861386140573 101
25958.542 0.12378260869566778 69
25975.365 0.10606097560975752 82
25991.947 0.09065263157895778 95
26008.648 0.09607777777778716 90
26025.343 0.08674999999999272 100
26041.948 0.09261290322581928 93
26058.638 0.10796249999998508 80
26075.313 0.09605555555551998 90
26091.984 0.094010869565231 92
26108.621 0.08367961165047356 103
26125.28 0.09464835164832479 91
26141.914 0.09639325842698362 89
26158.61 0.08783673469387933 98
26175.351 0.08597029702967589 101
26191.926 0.10737500000000182 80
26208.547 0.0821730769230621 104
26225.282 0.09465934065931603 91
26241.902 0.10576543209875429 81
26258.533 0.1003764705882264 85
26275.193 0.0936813186812947 91
26291.962 0.08802040816326738 98
26308.621 0.07981481481480539 108
26325.23 0.0984022988505503 87
26341.985 0.09010416666668182 96
26358.557 0.09300000000000538 92
26375.234 0.09112765957445632 94
26391.929 0.09548888888889956 90
26408.547 0.09391208791207097 91
26425.273 0.09561111111110626 90
26441.901 0.09734090909093786 88
26458.59 0.09760227272727207 88
26475.335 0.10569512195119077 82
26491.959 0.10390361445782888 83
26508.715 0.08542156862744842 102
26525.354 0.08433009708735802 103
26541.972 0.08304807692310043 104
26558.651 0.09611111111112727 90
26575.283 0.10255952380949955 84
26591.935 0.08958333333335607 96
26608.598 0.1048048780487922 82
26625.268 0.10617283950615487 81
26641.953 0.09575555555558013 90
26658.706 0.09260638297870329 94
26675.304 0.08635999999998603 100
26691.972 0.08996875000002547 96
26708.631 0.0854356435643645 101
26725.209 0.08134285714283275 105
26741.937 0.08868041237116073 97
26758.532 0.10662499999998545 80
26775.23 0.0873673469387559 98
26791.944 0.1001046511627951 86
26808.689 0.08273333333331503 105
26825.288 0.08056074766354188 107
26841.924 0.0802616822429882 107
26858.536 0.10158333333332675 84
26875.241 0.08659595959596283 99
26891.901 0.09413186813189596 91
26908.526 0.09368131868133467 91
26925.265 0.09145744680848865 94
26941.985 0.08476470588235922 102
26958.642 0.08999999999999393 96
26975.285 0.12488405797099088 69
26991.91 0.09220430107527663 93
27008.621 0.10139999999998561 85
27025.253 0.08760204081631762 98
27041.948 0.09066315789474941 95
27058.566 0.10704999999998108 80
27075.217 0.10425609756096425 82
27091.955 0.09268817204303892 93
27108.691 0.07555652173911727 115
27125.276 0.09255913978494812 93
27141.874 0.10413414634147158 82
27158.647 0.08559405940594492 101
27175.312 0.08910309278350545 97
27191.974 0.08726262626261833 99
27208.697 0.09554945054944736 91
27225.276 0.0989425287356342 87
27241.95 0.11044871794873846 78
27258.476 0.10864102564100438 78
27275.277 0.09158510638294405 94
27291.944 0.08199047619047979 105
27308.612 0.0878571428571488 98
27325.24 0.09967441860465252 86
27341.945 0.09358695652174545 92
27358.554 0.09195698924730838 93
27375.191 0.09576404494379112 89
27391.928 0.08768367346939547 98
27408.637 0.09089473684208842 95
27425.23 0.09620224719098966 89
27441.873 0.09486666666667184 90
27458.62 0.08705050505049064 99
27475.209 0.11092207792204466 77
27491.037 0.13279310344829542 58
27507.783 0.08021649484535093 97
27524.5 0.06751724137929754 116
27541.14 0.08215789473684516 95
27557.82 0.07375471698112548 106
27574.432 0.09354216867468933 83
27591.168 0.07833000000002358 100
27607.76 0.08917241379308037 87
27624.451 0.08023711340205615 97
27641.13 0.07642156862746953 102
27657.824 0.08321276595744805 94
27674.493 0.08151041666663635 96
27691.163 0.0698928571428691 112
27707.771 0.08009278350515704 97
27724.494 0.08695555555552548 90
27741.05 0.08206382978723342 94
27757.758 0.07995876288661054 97
27774.359 0.09735443037973283 79
27791.073 0.0889425287356459 87
27807.78 0.06822807017542482 114
27824.356 0.09984415584413354 77
27841.073 0.09322891566266497 83
27857.709 0.09285542168672911 83
27874.483 0.08780898876403023 89
27891.135 0.07222222222221548 108
27907.833 0.08798876404492485 89
27924.425 0.08916091954020446 87
27941.133 0.0795714285714541 98
27957.779 0.08837499999997983 88
27974.474 0.07505769230766209 104
27991.045 0.09884615384614265 78
28007.801 0.08386021505375342 93
28024.455 0.08848863636363934 88
28041.173 0.08250526315789199 95
28057.776 0.08270212765958779 94
28074.509 0.07328037383174496 107
28091.12 0.0819473684210511 95
28107.79 0.0885000000000053 88
28124.491 0.082347368421056 95
28141.178 0.07922222222222987 99
28157.687 0.08732954545456034 88
28174.476 0.09521951219508859 82
28191.107 0.07850505050505903 99
28207.629 0.08766666666667135 87
28224.436 0.08176842105263188 95
28241.074 0.08695505617979098 89
28257.785 0.0810729166666609 96
28274.425 0.09020930232555804 86
28291.004 0.08335869565219226 92
28307.771 0.08828409090909356 88
28324.518 0.08532608695650593 92
28341.05 0.07347619047619186 105
28357.737 0.09208333333334026 84
28374.426 0.08432608695649992 92
28391.172 0.09329761904761351 84
28407.869 0.08459139784944485 93
28424.492 0.08235789473680932 95
28441.142 0.07579611650486115 103
28457.795 0.08379569892470802 93
28474.511 0.07614563106793319 103
28491.16 0.08413978494624438 93
28507.751 0.08515384615384392 91
28524.455 0.09161176470588543 85
28541.134 0.08209473684209546 95
28557.753 0.08807954545454777 88
28574.548 0.07576923076920558 104
28591.086 0.09012790697674655 86
28607.789 0.07787000000000262 100
28624.491 0.08596703296703649 91
28641.076 0.08148421052633478 95
28657.818 0.09304761904760588 84
28674.591 0.07767647058822416 102
28691.115 0.0740857142857359 105
28707.76 0.07183333333331474 108
28724.422 0.07753999999997177 100
28741.174 0.08165624999999939 96
28757.728 0.07964948453606957 97
28774.427 0.07758999999998195 100
28791.094 0.08254255319150887 94
28807.709 0.10854929577462698 71
28824.387 0.09648749999996653 80
28841.201 0.07150909090910731 110
28857.739 0.07230841121496252 107
28874.512 0.09228235294114497 85
28891.082 0.10061038961038167 77
28907.801 0.09510975609754962 82
28924.528 0.07939393939390853 99
28941.185 0.0769607843137469 102
28957.878 0.07360747663551592 107
28974.467 0.09396385542167553 83
28991.141 0.09183529411765289 85
29007.798 0.09624691358022787 81
29024.484 0.0710545454545354 110
29041.164 0.08698888888890603 90
29057.784 0.0794081632652984 98
29074.398 0.0909411764705831 85
29091.062 0.09198809523812608 84
29107.801 0.07357547169810442 106
29124.532 0.08737777777775288 90
29141.953 0.07979629629631678 108
29158.478 0.10464197530862653 81
29175.206 0.10164285714281937 84
29191.937 0.09665168539328753 89
29208.6 0.08266346153844167 104
29225.227 0.10698749999996834 80
29241.947 0.10013953488373244 86
29258.608 0.09457142857142602 91
29275.246 0.10211904761902024 84
29291.93 0.0924193548387222 93
29308.632 0.10034883720931417 86
29325.258 0.09988372093023425 86
29341.894 0.09510000000001229 90
29358.624 0.0821142857142799 105
29375.318 0.09105263157892439 95
29391.998 0.08250476190476634 105
29408.58 0.09323913043479716 92
29425.274 0.09891954022988238 87
29441.959 0.08983333333333121 96
29458.676 0.09428260869564205 92
29475.24 0.08929166666666788 96
29491.934 0.09246236559141913 93
29508.592 0.094395604395606 91
29525.326 0.08657999999999447 100
29541.964 0.08377669902913412 103
29558.716 0.09791011235954991 89
29575.279 0.09568888888885946 90
29591.945 0.09357608695652585 92
29608.675 0.09034374999998818 96
29625.222 0.11255263157894851 76
29641.968 0.09087368421054347 95
29658.534 0.09922093023255171 86
29675.283 0.0700406504064875 123
29691.885 0.09395604395603596 91
29708.625 0.09469230769228978 91
29725.273 0.08604999999999563 100
29741.881 0.10054117647061289 85
29758.567 0.09959302325579872 86
29775.275 0.09458241758241727 91
29791.884 0.09714772727271669 88
29808.584 0.09227956989245716 93
29825.328 0.09310752688171667 93
29841.945 0.08524752475248101 101
29858.547 0.10420731707314944 82
29875.21 0.09184946236556604 93
29892.003 0.0922127659574626 94
29908.566 0.09308695652172268 92
29925.306 0.09705617977526979 89
29941.949 0.09363043478262388 92
29958.61 0.0978181818181838 88
29975.317 0.10296428571425731 84
29991.965 0.09806818181819339 88
30008.604 0.11782191780820203 73
