58.098 0.4184105263157894 95
111.978 0.2836666666666667 138
137.387 0.07780136986301366 146
146.25 0.07824107142857148 112
158.835 0.10035227272727293 88
175.54 0.08214814814814801 108
192.509 0.08042982456140335 114
208.494 0.08847916666666666 96
225.8 0.07424390243902443 123
242.252 0.08033333333333335 111
258.992 0.0908080808080809 99
275.186 0.09258695652173883 92
292.094 0.07299166666666679 120
308.579 0.08328155339805855 103
325.704 0.08773786407767024 103
341.847 0.09565168539325816 89
358.998 0.09471578947368411 95
375.498 0.08100917431192646 109
391.855 0.0896842105263162 95
408.48 0.09745977011494301 87
425.162 0.09652272727272694 88
442.439 0.09104000000000041 100
458.721 0.09372043010752697 93
476.101 0.09157281553398074 103
491.776 0.09077419354838717 93
508.381 0.09311111111111106 90
525.05 0.09635632183907959 87
541.755 0.08957446808510595 94
558.408 0.0866701030927839 97
575.057 0.10108433734939742 83
590.802 0.06978504672897182 107
607.357 0.10660869565217383 69
624.291 0.0794062500000005 96
640.819 0.07962765957446823 94
657.396 0.09018292682926807 82
674.229 0.08896470588235308 85
690.709 0.0899390243902439 82
707.45 0.07679381443299041 97
724.214 0.08027659574468138 94
740.727 0.08596511627907011 86
757.503 0.09148780487804958 82
774.057 0.07618556701030914 97
790.679 0.08956097560975533 82
807.191 0.08877777777777816 81
824.28 0.06857657657657627 111
840.587 0.06592727272727229 110
857.334 0.0755979381443296 97
873.881 0.0869156626506017 83
890.702 0.09095061728395015 81
907.75 0.08242553191489412 94
924.004 0.08839759036144565 83
940.623 0.07145098039215697 102
957.215 0.06869523809523885 105
973.996 0.09048148148148087 81
990.531 0.08271264367815992 87
1007.205 0.08277011494252899 87
1023.892 0.07371428571428619 98
1041.694 0.08617525773195797 97
1057.718 0.07873469387755226 98
1074.333 0.08912790697674641 86
1091.556 0.10025609756097566 82
1107.866 0.09591463414634158 82
1125.133 0.1085256410256429 78
1141.689 0.09386516853932632 89
1157.686 0.09487654320987587 81
1174.427 0.08526373626373643 91
1191.24 0.08592391304347796 92
1208.379 0.10880519480519388 77
1224.832 0.09719047619047874 84
1241.051 0.0803749999999989 96
1257.726 0.09196428571428734 84
1274.613 0.10453947368421268 76
1291.075 0.09105882352941187 85
1307.641 0.09794871794871923 78
1324.456 0.08028865979381454 97
1341.023 0.0844835164835151 91
1357.692 0.08840229885057507 87
1375.009 0.08873404255319278 94
1391.152 0.0723796296296297 108
1407.823 0.08322340425532014 94
1425.071 0.09659770114942524 87
1441.037 0.08653932584269661 89
1457.71 0.08565555555555622 90
1475.232 0.08479207920792156 101
1491.228 0.0917790697674422 86
1507.718 0.08389130434782689 92
1524.312 0.09800000000000007 78
1541.011 0.09138095238095156 84
1557.704 0.08655056179775253 89
1574.623 0.10608000000000174 75
1591.696 0.0811747572815522 103
1607.712 0.08863218390804613 87
1624.432 0.09953846153846313 78
1641.07 0.077349999999999 100
1658.34 0.10555696202531571 79
1674.372 0.09171428571428783 84
1691.035 0.10266666666666727 75
1707.691 0.10252000000000104 75
1725.197 0.11683561643835612 73
1741.008 0.08719318181818184 88
1757.661 0.08510000000000117 90
1774.997 0.08955913978494816 93
1791.081 0.07594117647058693 102
1808.353 0.1098815789473699 76
1824.392 0.080458333333335 96
1841.065 0.0878409090909093 88
1858.308 0.097717647058824 85
1874.569 0.09187209302325659 86
1890.996 0.08607865168539391 89
1908.146 0.09150561797752815 89
1924.362 0.10258666666666917 75
1941.683 0.09822352941176392 85
1958.434 0.08604081632653078 98
1975.028 0.09720930232558288 86
1991.752 0.08954255319148847 94
2007.815 0.08586813186813273 91
2024.411 0.0921785714285734 84
2041.846 0.11198684210526273 76
2058.376 0.09004301075269087 93
2074.391 0.08980232558139484 86
2090.963 0.09655696202531844 79
2107.691 0.10679166666666459 72
2124.344 0.09477777777777945 81
2141.004 0.09352439024390084 82
2157.666 0.09124999999999957 84
2175.097 0.08967021276595838 94
2191.028 0.09268674698794888 83
2207.702 0.07858163265306145 98
2224.424 0.08523076923076767 91
2240.994 0.09010588235294242 85
2257.686 0.08732954545454484 88
2274.291 0.10030263157894799 76
2291.727 0.10622784810126361 79
2307.744 0.09109411764705809 85
2324.361 0.07397115384615151 104
2341.748 0.10016666666666922 84
2358.469 0.10454320987654132 81
2375.183 0.09787356321838935 87
2391.814 0.09635227272727062 88
2409.144 0.13250724637680542 69
2425.183 0.10779746835443135 79
2441.92 0.09646067415730378 89
2459.236 0.08550925925925623 108
2475.448 0.1045238095238065 84
2492.741 0.09696907216494793 97
2508.951 0.09421052631578757 95
2525.212 0.11096103896103726 77
2541.826 0.1035487804878047 82
2558.513 0.09673863636363546 88
2575.228 0.0891666666666661 96
2592.567 0.13004225352112922 71
2608.662 0.09955172413792647 87
2625.178 0.10378048780487517 82
2642.57 0.09721052631579082 95
2658.528 0.1003176470588187 85
2675.2 0.09695454545454202 88
2692.005 0.11259740259740354 77
2709.026 0.09499999999999617 95
2725.247 0.09975581395348515 86
2741.921 0.08851546391752356 97
2758.56 0.10973076923076593 78
2775.143 0.12107142857142728 70
2792.472 0.11143902439024847 82
2808.487 0.11468918918919027 74
2825.283 0.10017441860464862 86
2842.521 0.11929870129870324 77
2858.556 0.09713636363636624 88
2875.987 0.10020430107526838 93
2891.899 0.09843678160919368 87
2908.669 0.08844897959183332 98
2925.912 0.09939784946236223 93
2942.198 0.0886299999999983 100
2958.571 0.10325301204818926 83
2975.163 0.09764367816091829 87
2991.877 0.09818390804597606 87
3008.517 0.08431683168316458 101
3025.874 0.10344943820224584 89
3041.952 0.10137647058823752 85
3058.503 0.10762025316455637 79
3075.158 0.1022891566265034 83
3092.706 0.10896511627907086 86
3108.498 0.10115476190476004 84
3125.178 0.1091153846153842 78
3141.893 0.08644444444444437 99
3158.492 0.11474324324324305 74
3175.817 0.11436249999999859 80
3191.85 0.09902325581395438 86
3208.529 0.10274698795180473 83
3226.029 0.13184507042253346 71
3241.841 0.09048936170212615 94
3259.278 0.09869148936169775 94
3275.257 0.09335869565217328 92
3291.913 0.09323913043478234 92
3308.563 0.09514444444444557 90
3326.131 0.1017526881720402 93
3341.892 0.10564197530863938 81
3359.119 0.11255555555555789 81
3375.355 0.09871590909090794 88
3391.805 0.08822916666666458 96
3408.493 0.10885897435897417 78
3425.216 0.08547999999999774 100
3442.584 0.10882352941176471 85
3458.757 0.10808641975308776 81
3475.206 0.10281927710843501 83
3491.829 0.09652272727272888 88
3508.527 0.11366666666666787 75
3525.25 0.09642696629213349 89
3542.556 0.10848235294117652 85
3558.466 0.10197590361445713 83
3575.221 0.09945348837209167 86
3592.006 0.09528571428571232 91
3608.49 0.095370786516852 89
3625.844 0.09761702127659501 94
3641.288 0.09247674418604622 86
3658.347 0.07586363636363867 110
3674.296 0.08383516483516379 91
3691.569 0.10693506493506394 77
3708.14 0.08220202020201939 99
3724.464 0.07718811881187942 101
3741.003 0.09466666666666815 81
3758.356 0.1057594936708863 79
3775.032 0.08200980392157095 102
3791.034 0.08460439560439637 91
3807.722 0.08391304347826364 92
3824.336 0.09351219512194714 82
3841.079 0.0815157894736857 95
3858.365 0.08803157894736661 95
3875.006 0.09809411764705574 85
3891.217 0.08857303370786815 89
3907.687 0.07841836734693822 98
3924.378 0.0976075949367119 79
3941.039 0.08958139534883929 86
3957.686 0.09259036144578248 83
3975.03 0.09190109890110201 91
3991.027 0.10833802816901418 71
4007.646 0.09210843373493954 83
4024.339 0.09588749999999777 80
4041.048 0.08034374999999727 96
4057.919 0.09539759036144176 83
4075.091 0.10148192771084065 83
4091.529 0.09639999999999953 85
4107.834 0.10041025641024905 78
4125.013 0.08263366336633217 101
4141.022 0.08541111111110998 90
4158.39 0.08737499999999916 96
4174.339 0.09354878048780825 82
4191.147 0.0897931034482747 87
4207.752 0.0824574468085128 94
4225.182 0.09786206896551866 87
4241.034 0.08368478260869146 92
4258.404 0.09232967032967081 91
4274.593 0.09548192771084557 83
4290.92 0.1025000000000005 74
4307.807 0.06787826086956161 115
4324.404 0.0910117647058916 85
4341.605 0.09089010989010693 91
4358.35 0.11133333333333818 75
4374.429 0.08920689655172899 87
4391.701 0.09506818181818165 88
4407.725 0.07647524752475406 101
4424.382 0.09076470588234395 85
4441.022 0.08735227272727157 88
4458.538 0.10410975609755307 82
4474.302 0.09310975609755255 82
4491.221 0.10515999999999621 75
4508.131 0.08743010752688508 93
4524.364 0.08847126436780697 87
4541.024 0.0973291139240545 79
4557.715 0.09642499999999928 80
4574.375 0.0906823529411721 85
4590.96 0.08764367816091954 87
4607.684 0.09369512195121943 82
4624.425 0.09125882352941785 85
4641.025 0.08094736842104842 95
4657.687 0.09373170731706944 82
4675.117 0.0949325842696688 89
4691.636 0.09765882352941631 85
4707.852 0.084419354838706 93
4724.337 0.09961038961039055 77
4741.772 0.10681012658227977 79
4757.703 0.08752272727272983 88
4774.343 0.07912371134020806 97
4791.066 0.07889795918367318 98
4808.302 0.09326966292134242 89
4825.194 0.08198076923077643 104
4841.038 0.08464835164834637 91
4858.389 0.09641379310344736 87
4874.362 0.0874318181818229 88
4891.749 0.08499999999999963 99
4908.165 0.10079012345678716 81
4924.408 0.08063541666666652 96
4941.733 0.09129347826087328 92
4957.97 0.08049494949495001 99
4974.377 0.08566666666666707 90
4991.697 0.09723255813953581 86
5007.771 0.09034883720929683 86
5024.411 0.08065625000000409 96
5041.034 0.09277108433734721 83
5057.69 0.07767676767676364 99
5074.369 0.08371739130434039 92
5091.038 0.09280722891565686 83
5107.677 0.08723863636363273 88
5125.186 0.11358666666665765 75
5141.016 0.0925421686746938 83
5157.606 0.11183823529411123 68
5174.34 0.1009605263157865 76
5190.981 0.08891860465116203 86
5208.36 0.10072289156626112 83
5224.539 0.08115463917525143 97
5240.989 0.09940259740259146 77
5257.586 0.09364197530864242 81
5275.038 0.10594936708860621 79
5291.05 0.0866853932584286 89
5307.768 0.08262765957446623 94
5324.35 0.09849999999999991 78
5341.073 0.09794936708861118 79
5358.342 0.09066304347825478 92
5374.975 0.11700000000000983 71
5391.253 0.07839603960395708 101
5408.328 0.11565277777778091 72
5424.341 0.09712658227848966 79
5441.045 0.08966279069767721 86
5458.306 0.11536111111110535 72
5474.324 0.09942857142857077 77
5491.088 0.08077083333333235 96
5507.706 0.08027083333333469 96
5524.379 0.09290361445783422 83
5541.695 0.09609195402298475 87
5557.651 0.08793103448275444 87
5574.347 0.08256989247311922 93
5591.022 0.08447252747252636 91
5607.8 0.08665555555555532 90
5624.413 0.08152631578947253 95
5641.755 0.101445783132531 83
5657.613 0.11031884057971131 69
5674.379 0.07559803921568863 102
5691.01 0.08624719101124029 89
5708.141 0.09045555555555135 90
5724.386 0.0735142857142862 105
5741.039 0.0856111111111103 90
5757.696 0.0938414634146306 82
5774.453 0.07864646464646523 99
5791.087 0.08911494252874266 87
5807.73 0.09543209876542671 81
5824.347 0.08533333333332646 90
5841.641 0.09771764705881865 85
5858.292 0.1201594202898575 69
5874.352 0.09726582278481262 79
5891.095 0.06991891891892273 111
5907.812 0.07037837837837746 111
5925.212 0.09493333333334199 90
5941.7 0.10078313253011785 83
5957.837 0.06422950819672328 122
5974.41 0.0889885057471286 87
5991.038 0.096287499999994 80
6007.675 0.09029411764706097 85
6024.747 0.09617857142857897 84
6041.717 0.10099999999999772 83
6057.674 0.08819540229884798 87
6074.43 0.08530769230769143 91
6091.116 0.086455555555555 90
6108.119 0.1082399999999931 75
6124.333 0.10085526315789425 76
6141.041 0.09284337349397748 83
6158.366 0.10724358974358694 78
6174.37 0.10550684931507158 73
6191.584 0.10311249999999746 80
6207.861 0.07145454545454248 110
6225.033 0.08994623655914721 93
6241.386 0.11030136986302178 73
6258.539 0.09702272727272222 88
6274.434 0.07766999999999825 100
6291.206 0.07872000000000298 100
6308.277 0.08805319148936216 94
6324.975 0.09889285714286546 84
6341.014 0.09720253164557073 79
6357.734 0.07581372549019778 102
6374.634 0.08753846153846538 91
6391.07 0.07734999999999673 100
6408.113 0.09324137931034575 87
6428.59 0.15897333333333033 75
6441.673 0.10422499999999672 80
6457.713 0.08292473118279069 93
6475.061 0.09874117647058858 85
6490.949 0.0963797468354377 79
6507.804 0.10403999999999845 75
6525.028 0.11146666666667443 75
6541.063 0.08684269662921651 89
6558.366 0.09841176470587978 85
6575.198 0.09918604651163553 86
6591.021 0.08006249999999682 96
6607.742 0.08602222222222432 90
6624.309 0.09096428571429203 84
6641.053 0.08770454545454372 88
6658.458 0.08718556701030335 97
6674.341 0.0892209302325661 86
6691.059 0.08218085106383366 94
6707.64 0.10911428571428457 70
6724.386 0.09189285714285775 84
6741.719 0.1075000000000028 78
6757.98 0.07745631067960346 103
6775.136 0.12638805970150382 67
6791.043 0.08962790697673988 86
6807.724 0.08979069767441573 86
6824.275 0.1014399999999902 75
6841.098 0.08438043478260783 92
6858.407 0.09037634408601877 93
6874.347 0.0882758620689584 87
6891.224 0.09391666666666813 84
6908.096 0.10791999999998855 75
6924.739 0.0896777777777768 90
6941.012 0.0924939759036106 83
6957.62 0.0819139784946181 93
6975.044 0.11021052631579216 76
6991.008 0.0983846153846151 78
7007.706 0.07942268041236829 97
7024.407 0.08413043478260632 92
7041.087 0.08336559139785603 93
7058.353 0.09710465116278671 86
7075.064 0.10495000000000801 80
7091.031 0.0726132075471709 106
7107.894 0.08136082474226625 97
7125.026 0.10579746835443259 79
7141.312 0.10097468354430204 79
7157.675 0.07672999999999774 100
7175.016 0.0970813953488285 86
7191.173 0.10593243243243164 74
7207.613 0.09758974358974462 78
7224.782 0.09326436781609755 87
7240.961 0.08971764705882593 85
7258.286 0.09747058823529241 85
7274.582 0.08994318181818141 88
7290.977 0.101893333333331 75
7307.676 0.09713924050632884 79
7324.386 0.08871264367816961 87
7341.069 0.08407608695652806 92
7358.333 0.1028641975308571 81
7374.364 0.09866666666666554 78
7391.653 0.10664102564102834 78
7407.652 0.09562499999999545 80
7424.417 0.09336144578314104 83
7441.095 0.10346666666666958 75
7457.669 0.08245161290322221 93
7475.12 0.08896842105263396 95
7491.263 0.09439285714285818 84
7508.165 0.09383908045976735 87
7524.38 0.08864367816092464 87
7541.09 0.09457317073170865 82
7558.359 0.10446249999999964 80
7574.396 0.0868426966292063 89
7591.705 0.09404494382022349 89
7607.742 0.0910588235294092 85
7624.362 0.10836619718310443 71
7640.992 0.09115476190476372 84
7657.66 0.08802298850574077 87
7674.993 0.11101333333333363 75
7691.043 0.08860919540229693 87
7707.84 0.10049999999999926 78
7724.35 0.08811494252873756 87
7741.01 0.08080000000000406 95
7758.372 0.08719791666666765 96
7774.318 0.09000000000000642 85
7791.058 0.08877011494252823 87
7808.319 0.11551388888888899 72
7824.423 0.08616666666666788 90
7841.037 0.09508641975308921 81
7857.807 0.07294392523363907 107
7874.592 0.09782716049382689 81
7891.737 0.09884705882352993 85
7908.172 0.107499999999989 76
7924.501 0.095524390243909 82
7941.826 0.11475675675675931 74
7957.675 0.08922093023255552 86
7975.045 0.10603797468354946 79
7991.09 0.0738571428571439 105
8007.961 0.07579999999999841 105
8024.979 0.12044927536232759 69
8041.667 0.0905760869565276 92
8057.736 0.08498901098900515 91
8074.308 0.10186666666667103 75
8090.981 0.0992987012986978 77
8108.177 0.0860526315789397 95
8124.379 0.08381521739130696 92
8141.06 0.07883673469388335 98
8158.399 0.10496249999999918 80
8174.689 0.08815384615384543 91
8191.711 0.09971428571428814 84
8207.999 0.07690384615384224 104
8224.39 0.08581111111111063 90
8241.732 0.09330000000000938 90
8257.715 0.08475824175823889 91
8274.274 0.1027972972972969 74
8291.025 0.09612500000000637 80
8307.686 0.0844395604395526 91
8325.022 0.08982795698925998 93
8341.681 0.09593103448277435 87
8358.348 0.10055421686746445 83
8375.217 0.09094680851064774 94
8391.042 0.08859770114941057 87
8408.288 0.11049333333333683 75
8425.009 0.10426250000000437 80
8440.953 0.10158666666665037 75
8457.675 0.09245783132528998 83
8474.969 0.10376249999999346 80
8491.693 0.11294594594594831 74
8508.183 0.09976829268293286 82
8524.441 0.08733707865169717 89
8540.975 0.1061111111111283 72
8557.699 0.09164285714286095 84
8574.316 0.08404395604396755 91
8591.63 0.10634615384615478 78
8607.672 0.09711392405063898 79
8624.951 0.1403898305084652 59
8641.03 0.09993506493508478 77
8657.668 0.09019999999999366 85
8674.951 0.11666197183097812 71
8691.249 0.08794444444443393 90
8707.595 0.1054722222222103 72
8724.325 0.09571250000001327 80
8741.053 0.0779595959596036 99
8757.692 0.08452747252746261 91
8775.032 0.08897872340425082 94
8791.68 0.09817647058824899 85
8807.653 0.09219277108433788 83
8824.381 0.0876477272727243 88
8841.622 0.09636046511628212 86
8857.651 0.08225806451612512 93
8875.002 0.09364044943821058 89
8891.057 0.08303225806453303 93
8907.905 0.08408510638298353 94
8925.037 0.09511363636364546 88
8941.683 0.08695833333335183 96
8957.61 0.10569444444445253 72
8975.083 0.09784883720931248 86
8991.182 0.09687654320989594 81
9008.404 0.08487878787879037 99
9025.013 0.10837662337663849 77
9041.042 0.09514814814815228 81
9057.723 0.1029599999999967 75
9074.387 0.07351428571429486 105
9090.953 0.08963529411763267 85
9108.173 0.10476923076923693 78
9124.264 0.12659999999999247 60
9141.074 0.08321505376345588 93
9157.918 0.09539759036144176 83
9175.082 0.0841400000000067 100
9191.665 0.09359550561799715 89
9207.719 0.10871830985914284 71
9224.366 0.08747727272727636 88
9241.712 0.10341975308642479 81
9257.673 0.08430769230769758 91
9275.057 0.09642528735633371 87
9291.135 0.100000000000014 78
9307.701 0.08651685393257201 89
9324.35 0.09485185185186298 81
9341.073 0.07816161616162821 99
9357.769 0.07615686274509832 102
9374.346 0.08825287356321705 87
9391.045 0.09071764705881566 85
9407.648 0.08136170212765137 94
9424.399 0.08225531914893586 94
9441.066 0.08496703296703265 91
9457.68 0.09251807228915768 83
9475.029 0.10719230769231777 78
9491.005 0.09240963855421774 83
9507.791 0.08114583333332348 96
9524.331 0.09016470588236082 85
9540.993 0.08905813953487966 86
9557.615 0.08555056179774807 89
9575.023 0.09181318681318201 91
9591.045 0.08566666666667717 90
9607.702 0.09167857142856087 84
9625.004 0.09367415730338599 89
9641.102 0.10497297297297337 74
9657.729 0.09092941176469835 85
9674.625 0.08119387755102382 98
9691.075 0.09675000000002001 80
9708.192 0.09001098901097686 91
9724.354 0.08937209302325226 86
9741.738 0.0857448979591862 98
9758.016 0.12330769230768335 65
9775.166 0.0999764705882305 85
9791.707 0.07409734513273976 113
9807.671 0.08817241379310663 87
9825.023 0.09283333333332848 90
9841.062 0.09198809523810442 84
9858.483 0.0942555555555575 90
9874.375 0.09514814814815228 81
9891.014 0.08532222222222319 90
9908.14 0.11627142857141734 70
9925.183 0.12164285714287482 70
9941.032 0.08847126436781742 87
9957.727 0.08398913043479099 92
9974.66 0.07684615384615566 104
9990.958 0.10022368421052881 76
10008.33 0.0876736842105234 95
10024.455 0.09497560975610324 82
10040.999 0.07369230769231414 104
10057.772 0.08180000000000674 95
10074.387 0.11027142857144229 70
10091.882 0.094966666666672 90
10108.241 0.09155555555555313 90
10125.136 0.09734482758621793 87
10141.684 0.10308641975306845 81
10158.307 0.10788311688312595 77
10175.038 0.0900000000000086 93
10191.058 0.08581111111113084 90
10207.746 0.08067708333332273 96
10225.037 0.08204901960784898 102
10241.014 0.08726136363636462 88
10258.344 0.09480681818180611 88
10274.643 0.09494047619048052 84
10291.045 0.08291397849461646 93
10307.708 0.09755696202532069 79
10324.403 0.08407608695652806 92
10341.735 0.09032258064517694 93
10358.029 0.09020224719101401 89
10375.007 0.09476136363636298 88
10391.027 0.08944186046512693 86
10407.644 0.08888372093023526 86
10424.331 0.08707954545455075 88
10441.032 0.09743037974683692 79
10458.32 0.08849999999999474 94
10475.015 0.0887978723404229 94
10491.203 0.09959493670886574 79
10507.655 0.09111904761905298 84
10524.72 0.12387692307691815 65
10541.038 0.08372826086957977 92
10558.335 0.09691860465115264 86
10574.595 0.09009090909090776 88
10591.06 0.08047916666665363 96
10607.754 0.08614444444445124 90
10624.469 0.08966666666666065 87
10640.955 0.0886046511628 86
10657.666 0.09581249999998817 80
10674.293 0.10032894736842106 76
10691.003 0.09352439024390084 82
10707.656 0.10072368421053493 76
10724.326 0.0814680851063771 94
10741.026 0.09379268292683797 82
10757.639 0.09094047619046683 84
10774.948 0.09627906976744947 86
10791.085 0.08908045977011494 87
10807.708 0.08563333333333706 90
10825.05 0.09212087912087705 91
10841.005 0.10957142857142961 70
10857.714 0.08969767441860398 86
10874.371 0.08655056179774741 89
10891.021 0.08637078651685279 89
10907.655 0.0944938271604994 81
10924.343 0.09839743589744988 78
10941.675 0.09929761904760155 84
10958.376 0.08293069306930895 101
10975.06 0.10489999999999781 80
10991.036 0.09748101265823964 79
11007.705 0.0951111111111077 81
11025.015 0.0927444444444417 90
11041.721 0.08557142857143288 98
11058.36 0.10448750000000473 80
11074.971 0.09225555555555426 90
11091.179 0.10459999999999127 75
11108.33 0.10543037974683195 79
11124.327 0.1178461538461516 65
11141.045 0.09637500000001183 80
11158.531 0.09584269662922085 89
11174.563 0.09746913580247453 81
11191.661 0.09681395348838293 86
11207.699 0.08554444444445027 90
11224.403 0.0889195402298941 87
11240.997 0.0995064935064969 77
11257.716 0.08037500000000364 96
11274.302 0.08981176470588252 85
11291.655 0.09142857142858822 91
11307.762 0.07761000000000422 100
11324.37 0.10698611111112971 72
11340.959 0.0953125 80
11357.605 0.11020289855071536 69
11375.0 0.09577011494253258 87
11391.112 0.0948536585365662 82
11408.338 0.10044578313252452 83
11424.935 0.12525757575757313 66
11441.038 0.08372826086957977 92
11458.376 0.09203296703296704 91
11474.37 0.0802291666666785 96
11491.724 0.10107228915663895 83
11507.68 0.08347826086956837 92
11524.324 0.08801149425288578 87
11541.664 0.08860638297873981 94
11558.493 0.10231325301205048 83
11575.247 0.08936458333333046 96
11591.622 0.11671830985915863 71
11607.772 0.10225000000000843 76
11624.977 0.12784615384617398 65
11641.413 0.10356410256411973 78
11658.915 0.09689130434783336 92
11674.321 0.0859887640449466 89
11691.193 0.08019387755100571 98
11708.235 0.09688235294118332 85
11725.149 0.12115714285713954 70
11741.047 0.08118947368420777 95
11758.331 0.09574712643678077 87
11774.551 0.10237662337662091 77
11791.701 0.08283168316831668 101
11807.705 0.0895930232558131 86
11824.372 0.0819574468085077 94
11841.043 0.09756962025317137 79
11857.676 0.09246987951806353 83
11874.341 0.09357317073171566 82
11891.682 0.10565822784812116 79
11907.794 0.09864556962024892 79
11924.361 0.08184042553192682 94
11941.069 0.08889655172414228 87
11957.678 0.09718987341772005 79
11974.366 0.09504938271605586 81
11991.227 0.09624390243904445 82
12007.751 0.08516483516483517 91
12024.979 0.10013253012047825 83
12041.043 0.08962790697675045 86
12058.291 0.1090789473684086 76
12074.34 0.09964935064935954 77
12090.991 0.08058947368421956 95
12107.611 0.10146666666667442 75
12124.44 0.084489130434794 92
12141.067 0.07226168224299039 107
12157.69 0.08544444444445011 90
12174.392 0.07881632653061388 98
12191.713 0.09206593406594078 91
12207.841 0.1188030303030356 66
12225.022 0.10313580246915036 81
12241.085 0.07242990654205607 107
12258.392 0.09756976744185607 86
12274.998 0.11412328767123467 73
12291.215 0.09162790697675603 86
12307.737 0.08790909090907917 88
12324.474 0.07161467889908711 109
12341.038 0.0802187500000097 96
12358.354 0.12467164179103218 67
12374.524 0.09699999999999964 81
12391.016 0.08440659340659884 91
12407.719 0.10719444444442969 72
12424.497 0.079887755102038 98
12441.925 0.08676767676767824 99
12457.74 0.09104705882352444 85
12474.384 0.08669662921348707 89
12491.633 0.09429545454546231 88
12507.809 0.09185882352940097 85
12525.045 0.1102368421052712 76
12541.748 0.09145652173911793 92
12557.683 0.08535555555556332 90
12574.963 0.09875000000000086 84
12590.981 0.0932439024390322 82
12607.681 0.08827586206896887 87
12624.806 0.08388659793815079 97
12641.143 0.08872727272728298 88
12657.767 0.08926436781608761 87
12674.463 0.08567032967033271 91
12691.679 0.0897204301075372 93
12708.133 0.0956705882352895 85
12724.425 0.09345783132529648 83
12741.024 0.08357608695652506 92
12757.947 0.09690243902438918 82
12774.25 0.08519101123595882 89
12791.017 0.07531372549020293 102
12807.806 0.11825757575758017 66
12824.296 0.08974117647059543 85
12841.007 0.09356097560976195 82
12857.659 0.0860449438202185 89
12875.006 0.0958390804597671 87
12890.967 0.09660759493672691 79
12908.154 0.09591764705882644 85
12924.391 0.0830430107526877 93
12940.97 0.09788461538461818 78
12957.66 0.09819230769230322 78
12974.347 0.08726136363636462 88
12991.724 0.08925531914892998 94
13008.389 0.08304950495048526 101
13024.329 0.10205333333333935 75
13041.012 0.10374324324326349 74
13057.662 0.10352702702702782 74
13074.986 0.09041304347827304 92
13091.788 0.08805208333334728 96
13107.8 0.08478260869564426 92
13125.023 0.08983870967741465 93
13140.986 0.08694318181820067 88
13158.397 0.08567346938776163 98
13174.33 0.09459259259259582 81
13191.029 0.08098947368422446 95
13208.375 0.10467499999999745 80
13224.976 0.10385000000001128 80
13241.091 0.1062465753424825 73
13258.375 0.09851764705882113 85
13274.624 0.08840000000000145 90
13291.062 0.08986046511626926 86
13307.701 0.10547945205477957 73
13324.4 0.07731999999999971 100
13341.674 0.09476136363638364 88
13357.93 0.09327058823529275 85
13374.355 0.08541111111110998 90
13390.995 0.08804597701151348 87
13407.799 0.09869620253165165 79
13424.392 0.08395652173913218 92
13441.087 0.0816000000000043 95
13458.327 0.09910714285712986 84
13474.998 0.1110666666666657 75
13490.973 0.09202409638555216 83
13507.749 0.08803409090908397 88
13524.74 0.09069662921348445 89
13541.08 0.08606666666665762 90
13558.381 0.0900967741935376 93
13574.333 0.08710227272728265 88
13591.056 0.08042708333334758 96
13607.759 0.07387619047618674 105
13624.399 0.0942804878048752 82
13640.963 0.08869767441861176 86
13658.4 0.10118072289155697 83
13675.211 0.09492222222221851 90
13691.611 0.08444897959185366 98
13707.69 0.09044705882353062 85
13724.3 0.09307317073170253 82
13741.069 0.08227659574468488 94
13757.72 0.07213084112148539 107
13774.391 0.07801010101010057 99
13791.196 0.0903563218390895 87
13808.462 0.08545454545453664 99
13825.029 0.09953571428572364 84
13841.049 0.09076470588235465 85
13857.639 0.09667088607593426 79
13874.372 0.08559999999999693 90
13891.073 0.08597777777779103 90
13908.141 0.11627142857141734 70
13924.445 0.0883750000000005 88
13940.991 0.09570000000001073 80
13957.707 0.0802604166666659 96
13974.331 0.09015294117647607 85
13991.721 0.09115217391304807 92
14007.736 0.08056250000000394 96
14025.026 0.09084782608695842 92
14041.92 0.08500990099009238 101
14058.506 0.1000470588235176 85
14074.275 0.10565277777777737 72
14091.187 0.09575609756098502 82
14107.615 0.08750574712642958 87
14124.327 0.09819230769230322 78
14141.72 0.08385000000000219 100
14158.367 0.10201219512194856 82
14174.379 0.08473626373627637 91
14191.023 0.08939534883721048 86
14207.669 0.11616666666665851 66
14224.383 0.08970930232558309 86
14241.014 0.08826436781609295 87
14257.66 0.0969367088607525 79
14275.051 0.08218627450980207 102
14291.073 0.07895918367348156 98
14307.789 0.09381927710843689 83
14324.401 0.08140000000000183 95
14341.027 0.08642696629214514 89
14358.434 0.08970212765956255 94
14375.248 0.09428571428571349 91
14391.209 0.08947727272729109 88
14407.629 0.09301219512195619 82
14424.98 0.10136585365853534 82
14441.058 0.08581111111113084 90
14458.315 0.11875714285714431 70
14475.152 0.11312000000000505 75
14491.031 0.0836521739130623 92
14508.12 0.09896341463416586 82
14524.358 0.1039189189189258 74
14541.657 0.0904565217391317 92
14558.025 0.09117045454544578 88
14575.04 0.09200000000001328 91
14591.032 0.0785408163265318 98
14607.776 0.10228947368420306 76
14624.362 0.0999220779220715 77
14641.671 0.11419178082193356 73
14658.341 0.10046987951807158 83
14674.384 0.08870114942529371 87
14691.029 0.09269879518073884 83
14707.729 0.10167105263156516 76
14725.04 0.11313513513515146 74
14740.989 0.10071052631579541 76
14757.764 0.08624444444443119 90
14774.357 0.08543333333333673 90
14791.622 0.10762337662338002 77
14807.649 0.09325609756096372 82
14824.435 0.08351612903225619 93
14841.046 0.08291397849463601 93
14858.402 0.0893617021276557 94
14874.329 0.09949350649350724 77
14891.75 0.09562500000000992 88
14907.667 0.09017647058822417 85
14924.326 0.08702272727272099 88
14941.371 0.1255625000000009 64
14958.299 0.10371250000000601 80
14974.327 0.08703409090908694 88
14991.218 0.09060919540231759 87
15008.358 0.10067469879517792 83
15024.399 0.08312903225806201 93
15041.011 0.09968831168832851 77
15057.638 0.09665822784810661 79
15074.386 0.10429729729730752 74
15090.988 0.07577227722772523 101
15107.734 0.08591111111111079 90
15124.437 0.09360240963855702 83
15141.665 0.09359550561799715 89
15158.498 0.11033766233765176 77
15174.994 0.09050000000001013 92
15190.97 0.10317567567567862 74
15207.744 0.09002325581395569 86
15224.99 0.09790588235294255 85
15241.429 0.07935294117648001 102
15258.457 0.1018674698795172 83
15274.945 0.10890789473684268 76
15291.223 0.08573913043479163 92
15307.707 0.08657303370786434 89
15325.217 0.10425609756098643 82
15340.989 0.08900000000000524 86
15358.356 0.0949318181818109 88
15374.574 0.0815051546391841 97
15390.944 0.10011842105263656 76
15407.618 0.09890909090909072 77
15424.42 0.08518681318681766 91
15441.049 0.08667415730339056 89
15457.661 0.09340243902438598 82
15474.306 0.09314634146342475 82
15491.087 0.09454878048779015 82
15507.713 0.08863218390803829 87
15524.386 0.07875510204082405 98
15541.717 0.08553061224491251 98
15558.373 0.08049038461537678 104
15575.201 0.07231355932202921 118
15591.119 0.09980769230769045 78
15608.328 0.10153658536584283 82
15625.033 0.0804326923076902 104
15641.017 0.09037647058824351 85
15658.537 0.10041176470588065 85
15674.39 0.07645544554455201 101
15691.655 0.09904761904763723 84
15707.751 0.07597058823529212 102
15724.503 0.09005747126437869 87
15741.78 0.08984042553193115 94
15757.689 0.09152380952381074 84
15774.395 0.08398913043479099 92
15791.057 0.08979069767443688 86
15807.766 0.0946829268292587 82
15825.025 0.10446249999999964 80
15841.044 0.08289247311828755 93
15858.357 0.1019024390243874 82
15875.038 0.0940449438202337 89
15891.012 0.08926744186048255 86
15908.364 0.09395505617976596 89
15925.231 0.10703750000000127 80
15941.021 0.08264516129033886 93
15958.337 0.11577777777776849 72
15974.293 0.09651898734177215 79
15991.929 0.08425490196079373 102
16007.692 0.08640449438200776 89
16025.045 0.08377000000000408 100
16041.022 0.08447252747254634 91
16058.588 0.09134042553190777 94
16075.026 0.0960689655172434 87
16091.065 0.0909411764706045 85
16108.124 0.11121917808219996 73
16124.351 0.09603750000001128 80
16141.699 0.11152000000001863 75
16158.3 0.09323595505616702 89
16175.002 0.114164383561654 73
16191.015 0.07680999999998676 100
16208.325 0.1002771084337388 83
16225.013 0.09703488372094377 86
16241.014 0.09598750000000109 80
16257.665 0.09122619047619603 84
16275.035 0.12304411764706161 68
16291.598 0.08607291666667531 96
16308.406 0.09036559139785431 93
16324.501 0.08159375000000561 96
16341.696 0.09394382022472793 89
16357.654 0.08597752808988814 89
16374.378 0.08761363636364711 88
16391.055 0.09650000000001455 80
16407.807 0.1054729729729769 74
16424.979 0.09234444444442083 90
16440.974 0.08987058823528488 85
16457.658 0.09815384615383384 78
16474.378 0.08965116279068752 86
16491.29 0.0864673913043668 92
16507.774 0.09037209302326563 86
16524.344 0.10661111111110383 72
16541.084 0.09337349397590361 83
16557.612 0.09756410256411002 78
16574.355 0.08355434782606608 92
16591.663 0.09914285714287308 84
16608.408 0.0944494382022364 89
16624.399 0.09786075949366795 79
16640.899 0.08498876404496769 89
16658.354 0.09279999999998836 90
16675.063 0.08072115384612306 104
16690.986 0.09330487804880072 82
16707.748 0.08068749999999152 96
16725.18 0.09353846153844843 91
16741.059 0.08878160919542505 87
16757.688 0.09488888888886265 81
16774.302 0.09664556962023291 79
16791.205 0.08284210526318547 95
16807.701 0.08650561797753398 89
16824.363 0.08186170212765648 94
16841.027 0.10394594594593376 74
16858.294 0.10237037037038618 81
16874.369 0.08652808988761004 89
16891.682 0.10840259740261782 77
16907.658 0.09691139240505113 79
16924.45 0.09048837209301445 86
16941.683 0.0907391304348019 92
16958.353 0.09489772727271305 88
16975.059 0.09644827586206461 87
16991.735 0.09438202247192647 89
17007.823 0.10290789473684096 76
17024.99 0.08406060606060724 99
17041.096 0.11087142857146058 70
17057.655 0.09110714285712415 84
17074.956 0.12011594202893953 69
17091.04 0.09396341463416763 82
17107.666 0.09125000000001039 84
17125.014 0.09593103448273253 87
17141.119 0.0855384615384577 91
17157.702 0.09167857142858252 84
17174.388 0.08772727272724462 88
17191.633 0.10503797468357598 79
17208.39 0.09754651162789783 86
17224.35 0.08729545454542115 88
17241.692 0.09948809523809489 84
17257.697 0.08845977011494152 87
17275.007 0.08338999999999942 100
17290.97 0.10180000000002716 75
17307.752 0.08708988764045172 89
17325.016 0.09379775280896784 89
17340.967 0.10749295774649896 71
17357.692 0.07928865979380303 97
17374.411 0.07236448598129508 107
17391.264 0.08525806451612997 93
17407.718 0.08973255813954131 86
17424.982 0.10797402597400632 77
17441.607 0.10742857142858239 77
17458.361 0.08038461538462098 104
17474.385 0.0887011494252519 87
17491.662 0.09913095238096589 84
17508.14 0.11463380281689034 71
17524.436 0.08176842105263188 95
17541.664 0.09358426966293867 89
17557.678 0.08824137931034115 87
17575.017 0.1030740740740536 81
17591.033 0.0938780487804917 82
17607.781 0.09261904761903376 84
17624.336 0.08813793103445801 87
17641.686 0.09490909090912035 88
17658.286 0.10487341772151715 79
17674.958 0.09639534883717715 86
17691.171 0.08904545454544693 88
17708.129 0.10160000000000764 80
17724.347 0.09251807228915768 83
17740.984 0.08894186046513083 86
17758.373 0.1020975609756023 82
17774.374 0.10007792207790016 77
17791.749 0.0876458333333403 96
17807.648 0.11586363636364916 66
17824.301 0.10175999999997051 75
17841.036 0.08192553191490352 94
17857.615 0.10289189189191077 74
17875.003 0.10418749999998908 80
17890.981 0.09678481012659039 79
17907.788 0.08848863636363934 88
17925.018 0.10844155844153955 77
17940.998 0.0823978494623706 93
17958.526 0.10029411764707594 85
17974.97 0.103774999999996 80
17991.024 0.10390540540543411 74
18008.362 0.10323456790124678 81
18024.387 0.08125263157891918 95
18041.028 0.09050588235293296 85
18057.703 0.0987435897436043 78
18074.344 0.08624719101123007 89
18091.696 0.0861958762886679 97
18107.676 0.10098684210525359 76
18124.364 0.07853061224489707 98
18141.018 0.0997792207792325 77
18158.364 0.09612643678162291 87
18175.027 0.08798947368417621 95
18191.093 0.0957777777777979 81
18207.791 0.08376344086022444 93
18224.307 0.1123382352941061 68
18241.015 0.08930232558139874 86
18258.327 0.10153658536586502 82
18275.002 0.09058695652172742 92
18291.007 0.08161702127662021 94
18307.67 0.10090789473681645 76
18324.355 0.09043529411762447 85
18340.978 0.10190666666666705 75
18357.654 0.08796551724136124 87
18374.381 0.08383695652173628 92
18391.769 0.10285365853659885 82
18407.747 0.08512087912087017 91
18424.38 0.0988717948717889 78
18441.85 0.09901162790696998 86
18457.681 0.08000000000000303 96
18475.063 0.08930851063826381 94
18491.706 0.12131884057969833 69
18507.8 0.092845238095227 84
18524.331 0.11437313432831087 67
18541.642 0.09548275862069769 87
18558.263 0.11973913043476532 69
18574.36 0.0894534883720849 86
18591.002 0.09705063291140861 79
18608.404 0.0815825242718294 103
18624.418 0.08333333333333333 93
18641.012 0.09717721518986937 79
18657.664 0.08610112359551085 89
18674.378 0.08965116279068752 86
18691.02 0.08732954545456034 88
18707.675 0.10962857142855813 70
18724.384 0.08670786516850466 89
18741.052 0.08123157894737425 95
18758.375 0.09851764705882113 85
18774.959 0.11054666666663251 75
18791.03 0.0949999999999964 81
18807.776 0.11433823529413904 68
18824.956 0.10491139240502313 79
18841.728 0.09223076923076955 91
18858.362 0.09393258426966947 89
18874.313 0.087873563218354 87
18891.209 0.09050574712643444 87
18907.689 0.09984415584413354 77
18925.233 0.0911170212765818 94
18941.089 0.08077083333334183 96
18957.704 0.0733619047619175 105
18974.344 0.10372972972972265 74
18991.003 0.08426373626375258 91
19008.275 0.11181081081082772 74
19024.334 0.09828205128201845 78
19041.132 0.07719801980200296 101
19057.629 0.09080952380953108 84
19074.952 0.1022716049382673 81
19091.616 0.09410227272730315 88
19108.174 0.08603157894735647 95
19124.357 0.0873749999999828 88
19141.65 0.10940789473687274 76
19158.361 0.08530612244898553 98
19174.385 0.10022077922073916 77
19191.237 0.0868351648351853 91
19208.589 0.11299999999999655 76
19224.49 0.08411827956989591 93
19241.038 0.10135526315791235 76
19257.75 0.07748999999999796 100
19274.373 0.09064705882350715 85
19291.7 0.09958333333335238 84
19307.615 0.10289189189191077 74
19324.382 0.10285333333333256 75
19341.009 0.08341304347825075 92
19357.757 0.08617777777779136 90
19374.343 0.0947530864197441 81
19391.013 0.0892790697674405 86
19408.351 0.10986842105261244 76
19424.342 0.08820689655171343 87
19441.019 0.10110526315790928 76
19457.687 0.09853846153848093 78
19474.981 0.10796103896101666 77
19491.092 0.08252127659575985 94
19508.198 0.08450515463917646 97
19525.046 0.08818947368417866 95
19541.065 0.09419512195119928 82
19558.342 0.0916593406593445 91
19575.01 0.10559493670882171 79
19591.003 0.08813793103449982 87
19608.392 0.11654166666666141 72
19624.404 0.07893877551017497 98
19641.028 0.09381707317072319 82
19657.726 0.09778481012656386 79
19675.148 0.08478999999999359 100
19691.671 0.09693023255813175 86
19708.191 0.08357142857141521 98
19724.253 0.09364197530863119 81
19741.345 0.09650602409641008 83
19758.285 0.09861904761904346 84
19775.104 0.08352475247522649 101
19791.009 0.10962857142855813 70
19808.463 0.08059047619047176 105
19824.396 0.07967010309277481 97
19840.976 0.09796153846153362 78
19858.337 0.08868085106382266 94
19874.369 0.09391463414630846 82
19891.063 0.07885714285713424 98
19908.267 0.09393181818181388 88
19924.375 0.09880769230767328 78
19941.635 0.10779220779219835 77
19958.563 0.09513333333331199 90
19974.406 0.09437804878046048 82
19991.587 0.09595348837209776 86
20007.826 0.08694444444445253 90
20024.314 0.11081159420285511 69
20041.66 0.1110000000000097 75
20057.661 0.08704545454545289 88
20075.083 0.08675257731955913 97
20090.929 0.09735897435898667 78
20108.108 0.09426744186046478 86
20125.206 0.10044705882349209 85
20141.091 0.0912470588235438 85
20158.371 0.10332098765430589 81
20174.604 0.09678048780485214 82
20191.009 0.09474074074072925 81
20208.34 0.09064130434782545 92
20224.354 0.09607499999997345 80
20241.691 0.10712820512820215 78
20258.404 0.09658620689653366 87
20275.026 0.09391011235955253 89
20290.965 0.11220588235295616 68
20307.861 0.07705882352941747 102
20325.232 0.08921874999998636 96
20341.002 0.09829487179488822 78
20358.524 0.0906702127659686 94
20375.087 0.09252747252745334 91
20391.241 0.1000759493671225 79
20407.668 0.09127380952382477 84
20425.192 0.09686363636360924 88
20441.11 0.08638888888890506 90
20458.469 0.11290666666667676 75
20474.361 0.08361956521738372 92
20491.016 0.09722784810127208 79
20507.714 0.09763291139240175 79
20524.422 0.0923095238094902 84
20541.697 0.096114942528747 87
20558.413 0.09781395348837514 86
20575.046 0.09856470588231733 85
20591.695 0.09288888888889536 90
20607.908 0.08502150537633595 93
20624.332 0.0912380952380599 84
20641.824 0.09432222222223774 90
20657.674 0.08819540229883753 87
20675.052 0.09214285714283955 91
20690.991 0.09691139240509719 79
20707.675 0.08923255813952405 86
20724.766 0.10382051282048894 78
20741.279 0.09457142857142269 84
20758.334 0.09578160919538758 87
20774.437 0.08178947368421512 95
20790.979 0.10329729729730044 74
20807.707 0.08377173913041865 92
20824.443 0.07853535353533149 99
20841.059 0.07881632653063243 98
20857.734 0.08592222222222416 90
20874.999 0.10037349397588327 83
20891.705 0.0909782608695937 92
20907.691 0.09378048780486208 82
20924.356 0.08266666666664821 93
20941.017 0.09724050632912276 79
20957.67 0.07826530612243116 98
20974.393 0.0821808510638143 94
20991.673 0.10422499999999672 80
21007.74 0.0850439560439714 91
21025.18 0.10775949367087355 79
21041.003 0.1008947368421248 76
21057.7 0.07475728155340512 103
21074.962 0.09992771084335 83
21091.023 0.09044705882355202 85
21108.122 0.09667857142856173 84
21124.458 0.08561538461535648 91
21141.061 0.08983720930235334 86
21158.387 0.10103614457829642 83
21174.984 0.09139560439559448 91
21191.09 0.12508064516130676 62
21207.677 0.0924939759036106 83
21224.315 0.08135106382975751 94
21241.066 0.09545679012345643 81
21257.665 0.08911627906977522 86
21274.347 0.0936585365853694 82
21291.222 0.0876333333333605 90
21307.693 0.08740909090908065 88
21325.117 0.07347826086953992 115
21341.021 0.10826760563382701 71
21357.713 0.09180952380951826 84
21374.266 0.08349450549448502 91
21391.033 0.09056470588235671 85
21408.551 0.08999999999999234 95
21424.372 0.09629999999997381 80
21440.961 0.10593055555556122 72
21458.289 0.0986666666666722 84
21474.321 0.0922048192770895 83
21491.073 0.0879431818181977 88
21507.825 0.11340579710145982 69
21525.043 0.09517045454545454 88
21541.048 0.08666292134831166 89
21558.282 0.10098780487803707 82
21574.361 0.08843678160918972 87
21591.208 0.10224675324674795 77
21607.741 0.07818181818183435 99
21624.285 0.09404938271603178 81
21641.042 0.07785858585860968 99
21658.365 0.08364000000001397 100
21674.648 0.07824509803921341 102
21691.736 0.0884421052631775 95
21707.899 0.08874157303371964 89
21724.356 0.08448351648349761 91
21741.031 0.09055294117647196 85
21758.389 0.1035679012345582 81
21775.182 0.09255434782608063 92
21791.05 0.09184523809523983 84
21807.823 0.08990804597701284 87
21824.3 0.09660759493668086 79
21841.403 0.10617105263157244 76
21857.655 0.09335365853657117 82
21874.359 0.0884137931034379 87
21890.994 0.09696202531645386 79
21907.672 0.08919767441858671 86
21924.371 0.09393902439021587 82
21941.209 0.07358878504672707 107
21957.704 0.08025000000001607 96
21974.352 0.08731818181815304 88
21991.044 0.07710000000002765 100
22008.535 0.10041176470588065 85
22024.378 0.09070588235293091 85
22041.021 0.0883563218391002 87
22057.661 0.09119047619047446 84
22074.359 0.09861538461537304 78
22091.139 0.07727722772277516 101
22107.661 0.10351351351351154 74
22124.928 0.1045569620252962 79
22141.041 0.08659550561800172 89
22158.316 0.10525316455694544 79
22175.016 0.10436249999997926 80
22191.045 0.08762499999999239 88
22208.275 0.11182432432434398 74
22224.468 0.07500961538461035 104
22241.01 0.08924418604650317 86
22258.377 0.09204395604395828 91
22274.586 0.08896629213480726 89
22291.039 0.0906352941176652 85
22308.154 0.0905999999999848 90
22324.394 0.0908941176470441 85
22341.024 0.09153571428573958 84
22357.695 0.0854888888888834 90
22375.145 0.11155263157893626 76
22391.649 0.10018072289159431 83
22407.826 0.09660493827161393 81
22424.337 0.0946913580246698 81
22441.389 0.08851648351648672 91
22457.7 0.08368478260870135 92
22475.154 0.09223913043475161 92
22491.208 0.08034693877550812 98
22507.714 0.09182142857142546 84
22524.951 0.10484810126581579 79
22541.02 0.08833333333334839 87
22557.699 0.0864943820224755 89
22574.289 0.10735211267604773 71
22590.96 0.08111702127659574 94
22607.701 0.07623762376238344 101
22624.454 0.07944897959183733 98
22641.687 0.11136000000003454 75
22657.683 0.08442857142858134 91
22675.023 0.08355999999999768 100
22691.614 0.09097802197804693 91
22707.689 0.08638202247189082 89
22724.361 0.09158333333332502 84
22741.674 0.091637362637362 91
22757.627 0.08568539325842925 89
22774.983 0.10266666666665301 81
22791.144 0.09296428571429888 84
22808.362 0.10074698795181915 83
22824.32 0.08898837209300497 86
22841.061 0.07500970873788725 103
22858.314 0.10139024390242057 82
22874.559 0.08866292134831036 89
22891.701 0.09507954545456827 88
22907.675 0.08820689655171343 87
22924.363 0.09161904761904657 84
22941.717 0.08731250000001485 96
22957.673 0.10094736842103502 76
22974.363 0.0938536585365843 82
22991.634 0.1050632911392313 79
23007.699 0.09997402597403013 77
23024.952 0.10620512820512373 78
23041.872 0.1016309523809555 84
23057.662 0.0806421052631585 95
23074.326 0.09946753246752793 77
23091.014 0.0914285714285749 84
23107.697 0.08745454545454447 88
23124.34 0.10229333333331549 75
23141.027 0.0904941176470482 85
23157.699 0.0769800000000032 100
23174.384 0.09527160493823351 81
23191.839 0.100047058823539 85
23208.281 0.10615384615383124 78
23224.337 0.08072631578945316 95
23240.971 0.07561386138616281 101
23257.726 0.07648514851483708 101
23275.192 0.09165591397846896 93
23290.974 0.09793589743588736 78
23307.744 0.07743999999998778 100
23324.373 0.10554794520545353 73
23341.01 0.09029411764705027 85
23358.416 0.0876562500000091 96
23374.3 0.10599999999996929 72
23391.058 0.09418292682928994 82
23408.291 0.11202702702703883 74
23424.353 0.0853999999999764 90
23441.064 0.07729999999999564 100
23457.695 0.09269879518071693 83
23474.366 0.0762178217821814 101
23491.615 0.0974235294117962 85
23508.133 0.10425641025642854 78
23524.463 0.07424761904760435 105
23541.004 0.09959740259742451 77
23557.641 0.08042105263157281 95
23574.345 0.08254838709677075 93
23591.268 0.0891348314606843 89
23607.676 0.10234666666665969 75
23625.031 0.0909021739130169 92
23641.711 0.08635051546391963 97
23657.653 0.10068421052629244 76
23674.337 0.08521111111108945 90
23691.22 0.0906436781609453 87
23708.242 0.09582558139532751 86
23724.768 0.08437499999998484 96
23741.14 0.08216842105263679 95
23757.694 0.09382926829267689 82
23775.016 0.09074999999998197 92
23791.688 0.08701041666665787 96
23808.147 0.0947325581395447 86
23824.352 0.089360465116252 86
23841.632 0.09878571428574408 84
23857.669 0.09832051282053446 78
23874.959 0.09640697674415627 86
23890.974 0.0967088607594863 79
23907.794 0.08957471264369522 87
23924.279 0.10014473684206773 76
23941.046 0.09179761904761108 84
23958.342 0.1097500000000046 76
23974.317 0.08314130434780015 92
23991.233 0.08584782608696791 92
24007.634 0.09196385542166255 83
24024.967 0.10779220779219835 77
24041.012 0.095962499999996 80
24057.65 0.08224731182797045 93
24074.347 0.08727272727273058 88
24091.036 0.08852873563219696 87
24108.255 0.08509278350516304 97
24124.358 0.09048235294116345 85
24141.732 0.09652873563219595 87
24157.726 0.08584444444443054 90
24175.003 0.11417808219176886 73
24191.012 0.08723863636363273 88
24207.667 0.0824301075268933 93
24225.005 0.09924999999999445 84
24241.735 0.07924528301888165 106
24258.356 0.0811165048543647 103
24274.412 0.09004651162789276 86
24291.251 0.0791700000000128 100
24307.669 0.0861573033708032 89
24325.248 0.08845360824740318 97
24341.052 0.07956701030928615 97
24357.614 0.08956470588236698 85
24374.38 0.08666292134831166 89
24391.695 0.10451250000000982 80
24408.475 0.11452702702700736 74
24424.405 0.07894897959180971 98
24440.913 0.09472500000001674 80
24457.737 0.0814315789473767 95
24474.36 0.0973797468354342 79
24491.01 0.10234666666665969 75
24507.754 0.09691250000000765 80
24524.998 0.10285185185183102 81
24541.005 0.09470370370372957 81
24557.651 0.0859662921348501 89
24574.988 0.11555555555555151 72
24591.008 0.1065694444444792 72
24607.739 0.09672500000001491 80
24624.938 0.11177027027022976 74
24641.05 0.08478021978022138 91
24657.656 0.09005882352939806 85
24675.256 0.09039999999999725 95
24691.858 0.09910465116280288 86
24707.647 0.095575000000008 80
24724.339 0.09354878048778607 82
24740.894 0.0899880952381084 84
24757.725 0.09777215189871317 79
24774.31 0.10468493150684692 73
24791.073 0.08598888888890441 90
24807.746 0.10326666666665309 75
24825.081 0.12556716417905714 67
24841.656 0.09456818181818315 88
24857.608 0.0845222222222219 90
24874.35 0.09255421686743447 83
24891.246 0.09307058823529481 85
24907.741 0.10604109589043567 73
24924.341 0.10510958904108034 73
24940.995 0.09821794871794946 78
24957.671 0.08247311827955112 93
24974.339 0.09588749999998072 80
24991.682 0.08183333333334875 102
25007.735 0.0869101123595571 89
25025.024 0.08614432989690482 97
25041.677 0.10298765432099448 81
25058.409 0.09139130434782007 92
25075.02 0.10708974358973276 78
25090.866 0.11767187500004184 64
25107.619 0.10882857142855105 70
25124.376 0.09069411764704616 85
25140.973 0.103216216216252 74
25157.736 0.0789387755102121 98
25175.08 0.11217333333333954 75
25191.058 0.0990256410256664 78
25208.338 0.10167073170731139 82
25224.723 0.10885135135135529 74
25241.035 0.08555555555556364 90
25258.384 0.08642268041235043 97
25274.388 0.07569607843135029 102
25291.673 0.11267567567567213 74
25308.14 0.11969117647057669 68
25324.467 0.07647058823528699 102
25341.655 0.09904761904761558 84
25357.687 0.09853846153848093 78
25374.341 0.0996493506493359 77
25390.973 0.08780459770118221 87
25407.841 0.0871222222222261 90
25424.34 0.09472839506171438 81
25441.702 0.09730232558142107 86
25458.366 0.10724358974361027 78
25475.081 0.08089423076920027 104
25491.206 0.09717283950616278 81
25508.206 0.08458762886595989 97
25525.056 0.1061772151898609 79
25541.023 0.0844835164835376 91
25557.74 0.08234042553193192 94
25574.418 0.09011627906976744 86
25591.017 0.07919587628866699 97
25607.652 0.09937662337660032 77
25624.424 0.0807916666666415 96
25641.69 0.09494318181817686 88
25658.353 0.09599999999998796 87
25674.353 0.08089473684208076 95
25691.019 0.10246666666668412 75
25707.807 0.0848478260869619 92
25724.296 0.09080952380948777 84
25741.352 0.0900786516853913 89
25757.773 0.07850505050505903 99
25775.0 0.08589690721647954 97
25791.027 0.09736708860758352 79
25807.694 0.0915952380952322 84
25824.432 0.07611764705881582 102
25841.026 0.09048235294120625 85
25857.699 0.10402702702703136 74
25874.574 0.08501075268816172 93
25890.997 0.07663000000000465 100
25907.703 0.11004285714287627 70
25924.389 0.09774683544301181 79
25941.006 0.09590000000002874 80
25957.641 0.09922077922077166 77
25974.994 0.12615151515147413 66
25991.648 0.1123378378378638 74
26007.851 0.08820224719099488 89
26024.279 0.08456666666663498 90
26041.702 0.09195604395606827 91
26058.496 0.10892307692306648 78
26074.33 0.08806896551724439 87
26091.031 0.09502469135802613 81
26108.229 0.10415189873416653 79
26124.377 0.09289156626504973 83
26141.033 0.07937113402062396 97
26157.643 0.08487777777776905 90
26174.569 0.08316842105261074 95
26191.664 0.1028271604938462 81
26208.319 0.10529113924049749 79
26224.355 0.09043529411762447 85
26241.938 0.10753749999998945 80
26257.701 0.09871794871795804 78
26274.404 0.09320481927707407 83
26291.06 0.07882653061226717 98
26307.797 0.09392771084335491 83
26324.304 0.08983529411763062 85
26340.991 0.09114285714288901 84
26357.7 0.0754901960784385 102
26374.286 0.09766666666664839 78
26391.216 0.10105128205130033 78
26407.695 0.08454945054944511 91
26424.32 0.09938961038958997 77
26440.977 0.0920722891566244 83
26457.611 0.0928170731707413 82
26474.362 0.08098947368420532 95
26490.986 0.09563750000002073 80
26507.683 0.09976623376624284 77
26524.354 0.08176595744678591 94
26541.728 0.0865360824742292 97
26558.027 0.09017977528087665 89
26574.347 0.09034117647058926 85
26591.681 0.09377528089889177 89
26607.752 0.12708196721312143 61
26624.249 0.08152688172041414 93
26641.058 0.08878160919542505 87
26657.698 0.09502469135802613 81
26675.048 0.10219512195118757 82
26691.035 0.078571428571436 98
26708.144 0.09692857142856935 84
26724.382 0.09643750000000181 80
26741.719 0.08061538461540224 104
26758.342 0.09266666666666828 90
26774.356 0.08940697674416845 86
26791.707 0.08720833333332696 96
26808.119 0.09224999999998379 88
26824.37 0.07336190476188287 105
26840.939 0.10139999999999418 75
26857.97 0.09718292682928001 82
26875.062 0.09327777777778262 90
26891.022 0.0883563218391002 87
26907.733 0.09786075949366795 79
26924.313 0.08589887640445841 89
26941.024 0.09376829268295274 82
26958.382 0.09415730337079796 89
26974.389 0.09898717948715038 78
26991.082 0.09807594936708346 79
27008.271 0.10738961038961341 77
27024.946 0.10612820512818498 78
27041.015 0.07917525773196177 97
27058.412 0.07787037037036902 108
27074.397 0.08784090909090413 88
27091.687 0.09601149425290567 87
27107.666 0.10498630136987218 73
27124.343 0.08721590909090082 88
27141.707 0.08543877551019992 98
27157.62 0.08757471264366411 87
27175.052 0.09016129032256344 93
27191.035 0.09626250000001164 80
27207.873 0.09152325581394401 86
27224.378 0.09518518518517441 81
27241.379 0.087434782608714 92
27257.637 0.09788461538459486 78
27275.057 0.08738541666665849 96
27291.035 0.08279569892473901 93
27307.652 0.09683544303794706 79
27324.96 0.09872619047616484 84
27341.068 0.07973195876289049 97
27358.338 0.10165853658535769 82
27374.334 0.09465432098762522 81
27391.78 0.09935294117646716 85
27407.706 0.08195744680848835 94
27424.36 0.09862820512819617 78
27441.87 0.09924418604650993 86
27457.979 0.09849382716048341 81
27474.355 0.08355434782606608 92
27491.688 0.09713953488371349 86
27507.783 0.08944827586206026 87
27525.01 0.09699999999996413 86
27541.823 0.10744303797469865 79
27557.657 0.07504901960783172 102
27574.405 0.10745833333329655 72
27591.014 0.09251807228915768 83
27607.716 0.09183333333333264 84
27624.384 0.07954639175254341 97
27641.015 0.08533333333333656 90
27658.237 0.11128378378379165 74
27674.371 0.07941237113399692 97
27691.641 0.11536111111111798 72
27708.178 0.0898461538461481 91
27724.463 0.09279761904759826 84
27741.048 0.07345714285714036 105
27757.982 0.08770329670329415 91
27774.406 0.07977319587626346 97
27790.995 0.09341463414633969 82
27807.801 0.08964367816090883 87
27824.322 0.08697727272725718 88
27841.035 0.078571428571436 98
27857.674 0.09025882352939602 85
27874.879 0.11564788732393423 71
27891.261 0.08431914893616464 94
27908.118 0.0922272727272519 88
27925.022 0.09946428571428052 84
27941.017 0.0997792207792325 77
27958.27 0.10738961038961341 77
27974.59 0.09002272727271206 88
27991.032 0.09055294117647196 85
28007.644 0.11075362318840326 69
28025.156 0.09432222222219733 90
28041.662 0.09572413793104988 87
28057.706 0.09283132530118203 83
28075.176 0.09560674157301344 89
28091.575 0.08956521739132174 92
28107.725 0.08304301075266815 93
28124.345 0.08625842696628853 89
28141.793 0.11586301369866243 73
28158.292 0.09110989010990195 91
28175.079 0.0808846153846179 104
28191.069 0.09431707317073632 82
28207.878 0.09490361445783624 83
28225.163 0.10359756097559733 82
28241.089 0.08520879120880016 91
28258.338 0.10419999999999163 80
28274.346 0.0914166666666677 84
28291.034 0.09275903614458463 83
28307.73 0.0931084337349296 83
28324.377 0.09636249999998654 80
28340.963 0.09536250000001019 80
28357.636 0.10458904109586849 73
28374.381 0.07951546391752307 97
28390.915 0.10828571428573923 70
28407.692 0.09379268292681578 82
28424.347 0.08826436781609295 87
28441.028 0.0894534883720849 86
28458.364 0.10584810126583531 79
28474.317 0.09329268292680265 82
28491.051 0.08122105263158262 95
28508.144 0.11469014084507083 71
28524.318 0.09107142857140259 84
28541.087 0.08247872340426182 94
28558.411 0.08851578947368054 95
28574.392 0.08777272727270842 88
28591.023 0.10828169014087212 71
28608.454 0.08714432989692102 97
28624.466 0.08123958333332364 96
28640.964 0.09658227848102555 79
28658.357 0.0971511627906926 86
28674.32 0.08054736842103394 95
28691.69 0.10066265060240438 83
28707.771 0.09712500000000546 80
28724.981 0.09446590909088957 88
28741.019 0.09852564102565782 78
28758.416 0.08856842105263862 95
28774.318 0.08896511627904675 86
28791.183 0.0872111111111331 90
28807.665 0.09825641025641883 78
28824.431 0.08171578947367379 95
28841.0 0.08612359550562779 89
28858.434 0.09066666666667418 93
28874.44 0.10794444444440564 72
28891.001 0.07903092783506264 97
28908.177 0.09083333333332524 90
28924.438 0.08445652173909564 92
28941.68 0.0917032967033095 91
28958.032 0.09229885057469926 87
28975.014 0.08879787234040355 94
28991.592 0.0778962264151078 106
29007.802 0.07722772277227002 101
29024.405 0.09435365853655307 82
29041.621 0.11508333333333415 72
29058.289 0.11509722222222586 72
29074.963 0.09017391304346149 92
29090.983 0.09443209876544754 81
29107.673 0.09710126582276528 79
29125.093 0.10150602409637678 83
29141.024 0.09263855421689307 83
29157.72 0.09412195121952142 82
29174.358 0.09155952380951064 84
29191.682 0.08605154639176878 97
29207.727 0.08584444444443054 90
29224.366 0.08277419354839054 93
29241.057 0.08129473684212395 95
29257.982 0.08967415730336817 89
29274.371 0.08108421052629158 95
29291.643 0.10385000000001128 80
29307.832 0.08897727272725123 88
29324.341 0.07911340206184607 97
29341.026 0.08182978723407165 94
29358.324 0.11888571428571595 70
29375.016 0.09938095238093021 84
29391.023 0.0949135802469373 81
29407.701 0.08651685393259244 89
29424.467 0.08123958333332364 96
29441.09 0.07530097087379828 103
29458.368 0.09094565217389533 92
29474.338 0.09242168674696936 83
29491.015 0.08629213483146395 89
29508.192 0.08713829787232866 94
29524.311 0.10190666666666705 75
29541.66 0.09148351648352449 91
29557.726 0.08678651685391395 89
29575.036 0.09096739130433454 92
29591.026 0.07769696969699733 99
29607.826 0.11677611940299289 67
29624.337 0.08814942528733391 87
29640.997 0.08513333333333624 90
29657.654 0.10482191780819486 73
29674.344 0.09138095238094615 84
29691.212 0.10229870129870659 77
29707.696 0.07771717171716672 99
29724.381 0.10422972972972619 74
29741.124 0.0701711711711772 111
29758.358 0.10577215189873122 79
29774.542 0.10094871794871534 78
29791.644 0.10386250000001382 80
29807.706 0.09171428571426077 84
29824.435 0.08728089887640482 89
29841.003 0.0871363636363805 88
29858.33 0.1028271604938462 81
29874.425 0.08165263157892408 95
29891.695 0.10072289156627208 83
29907.659 0.09816666666665697 78
29924.314 0.08310869565214132 92
29941.02 0.09041176470589776 85
29958.376 0.08051923076922882 104
29974.384 0.08209574468081825 94
29990.993 0.10490410958903353 73
30008.309 0.09230000000000776 90
