437.421 0.7595569105691057 246
595.144 0.34366008771929824 456
721.563 0.30227511961722486 418
843.438 0.4171335616438356 292
968.632 0.4944703557312253 253
1103.821 0.6433619047619042 210
1214.808 0.45458196721311434 244
1324.881 0.46414345991561257 237
1452.56 0.7333505747126428 174
1562.35 0.5931081081081077 185
1671.637 0.6033977900552482 181
1784.953 0.6470914285714285 175
1909.013 0.7045113636363631 176
2018.814 0.5899139784946246 186
2129.021 0.5985543478260883 184
2256.62 0.7546213017751476 169
2365.907 0.5809148936170212 188
2475.856 0.5493650000000002 200
2603.762 0.7939751552795055 161
2713.374 0.573497382198953 191
2823.142 0.6304195402298837 174
2951.014 0.7344655172413794 174
3060.158 0.6305260115606918 173
3169.907 0.612703910614525 179
3283.099 0.6614970760233917 171
3407.474 0.7103485714285723 175
3517.132 0.6681829268292676 164
3626.913 0.7217368421052643 152
3754.497 0.6818716577540095 187
3864.09 0.6557964071856289 167
3974.14 0.6009508196721295 183
4101.991 0.8518333333333339 150
4211.945 0.55340909090909 198
4321.764 0.586860962566847 187
4436.885 0.6610632183908077 174
4558.637 0.6472553191489324 188
4668.456 0.5570812182741112 197
4780.796 0.6306966292134838 178
4906.271 0.6431230769230751 195
5015.929 0.5370735294117652 204
5125.981 0.5417635467980298 203
5253.679 0.7012197802197818 182
5363.502 0.583760638297874 188
5473.541 0.5261483253588524 209
5601.543 0.7481111111111093 171
5711.212 0.6562395209580871 167
5820.921 0.6159213483146069 178
5936.24 0.6819112426035472 169
6058.639 0.707115606936417 173
6168.331 0.6227386363636356 176
6280.036 0.6890432098765432 162
6406.135 0.6496649484536074 194
6515.735 0.6118715083798862 179
6625.544 0.5627384615384589 195
6753.118 0.6854784946236597 186
6862.903 0.5714010416666658 192
6972.87 0.5876684491978622 187
7100.866 0.6990163934426233 183
7210.719 0.520270142180095 211
7320.488 0.5430495049504946 202
7435.664 0.6810710059171577 169
7557.533 0.6090050000000019 200
7667.485 0.5663711340206149 194
7779.714 0.6265530726256997 179
7905.366 0.6310804020100504 199
8015.043 0.5591887755102023 196
8124.892 0.5407635467980277 203
8252.629 0.6900648648648712 185
8362.472 0.5380735294117639 204
8472.351 0.5935405405405421 185
8600.289 0.6765238095238159 189
8710.022 0.5297439613526621 207
8819.667 0.6190395480225972 177
8935.545 0.7192670807453396 161
9056.815 0.7301445783132513 166
9166.556 0.5594897959183666 196
9278.882 0.6929135802469161 162
9403.866 0.7435595238095218 168
9513.357 0.5758736842105224 190
9622.905 0.5982021857923572 183
9750.47 0.6891405405405404 185
9860.126 0.5648556701030945 194
9969.935 0.6029230769230768 182
10098.086 0.6601752577319521 194
10207.698 0.5920864864864868 185
10317.787 0.570015544041455 193
10431.482 0.7669999999999975 148
10561.715 0.7074402173913036 184
10673.496 0.6171546961325963 181
10785.501 0.5513694581280782 203
10897.736 0.5997754010695255 187
11010.125 0.6309662921348309 178
11124.985 0.7357884615384697 156
11253.414 0.8672905405405431 148
11365.376 0.5766288659793813 194
11477.043 0.6097486338797755 183
11589.061 0.6952857142857074 161
11701.255 0.5691269035532922 197
11816.389 0.7146459627329136 161
11944.672 0.7631904761904783 168
12056.725 0.4998928571428597 224
12168.859 0.6057135135135173 185
12281.166 0.5938095238095215 189
12393.706 0.5679949494949482 198
12509.728 0.6513820224719096 178
12636.468 0.6270990099009945 202
12748.581 0.6551754385964904 171
12860.661 0.7088797468354469 158
12973.293 0.5742602040816341 196
13085.527 0.6265754189944092 179
13202.617 0.661101694915251 177
13328.3 0.7219367816091861 174
13440.108 0.6207277777777764 180
13552.527 0.5702690355329988 197
13664.593 0.618723756906085 181
13776.662 0.6327175141242937 177
13894.877 0.6455628415300592 183
14020.225 0.6628783068783051 189
14131.849 0.48712663755458374 229
14243.956 0.5774536082474219 194
14356.199 0.719019230769239 156
14468.325 0.5928518518518565 189
14599.674 0.8204500000000052 160
14711.614 0.5679035532994945 197
14823.523 0.5948457446808517 188
14935.578 0.6548538011695881 171
15047.673 0.662828402366864 169
15159.893 0.6335762711864409 177
15291.073 0.7802261904761876 168
15402.897 0.5505221674876908 203
15515.003 0.5774845360824797 194
15626.919 0.7309869281045774 153
15739.26 0.680424242424245 165
15852.728 0.5726868686868678 198
15983.545 0.7386892655367209 177
16095.645 0.5115205479452103 219
16207.792 0.5867539267015691 191
16319.663 0.7452933333333325 150
16432.064 0.6725928143712485 167
16546.129 0.6227978142076589 183
16675.885 0.6972311827956864 186
16787.58 0.6270617977528202 178
16899.806 0.6558479532163828 171
17011.604 0.7116050955413881 157
17124.032 0.6241722222222152 180
17239.315 0.6737192982456042 171
17367.933 0.694848648648661 185
17479.53 0.5995752688172078 186
17591.551 0.6360454545454517 176
17703.818 0.6410742857142759 175
17816.378 0.6180494505494537 182
17931.91 0.6872380952380852 168
18059.174 0.7616467065868247 167
18170.993 0.5398115942028897 207
18282.844 0.6141703296703421 182
18395.143 0.6200331491712638 181
18507.809 0.5387033492822964 209
18624.407 0.6298432432432467 185
18750.633 0.7377543859649279 171
18862.392 0.6493313953488449 172
18974.838 0.6074108108108064 185
19086.833 0.6583705882352875 170
19199.099 0.5695076142131944 197
19317.02 0.5720436893203901 206
19442.449 0.6085485436893242 206
19554.571 0.6514418604651097 172
19666.298 0.6307966101694803 177
19777.957 0.6681616766466989 167
19890.527 0.5434396135265622 207
20009.196 0.718751515151521 165
20134.021 0.6566000000000043 190
20245.899 0.7031509433962231 159
20357.958 0.5988395721925143 187
20469.886 0.6465375722543281 173
20582.322 0.7490466666666665 150
20714.047 0.6965608465608351 189
20826.151 0.6155989010989048 182
20938.004 0.5821614583333409 192
21050.256 0.6030860215053909 186
21162.52 0.6445057471264382 174
21274.95 0.6073243243243219 185
21406.05 0.7044408602150432 186
21517.829 0.6070869565217475 184
21629.521 0.5813229166666739 192
21741.845 0.569695431472079 197
21853.756 0.7033333333333444 159
21967.179 0.6193770491803353 183
22097.382 0.7393920454545547 176
22209.156 0.552955445544555 202
22320.903 0.6308983050847348 177
22432.905 0.5953457446808472 188
22544.884 0.6505813953488245 172
22659.624 0.6300109890109904 182
22788.237 0.7023989071038288 183
22899.859 0.6095245901639426 183
23011.688 0.6422471264367619 174
23123.849 0.7005249999999933 160
23236.594 0.6997950310559086 161
23351.026 0.8471037037037065 135
23479.774 0.6186538461538476 208
23591.681 0.525023474178412 213
23704.101 0.6039946236558985 186
23816.447 0.5877958115183258 191
23928.306 0.6387771428571432 175
24044.575 0.6180425531914846 188
24171.844 0.6802245989304874 187
24283.545 0.7020125786163458 159
24395.579 0.5987005347593698 187
24507.855 0.6968757763975163 161
24619.881 0.5514778325123189 203
24736.974 0.5417453703703695 216
24862.748 0.6944972375690492 181
24975.114 0.5972872340425578 188
25086.851 0.6492151162790537 172
25198.854 0.6866748466257662 163
25311.07 0.5810414507772002 193
25428.999 0.595222222222219 198
25553.983 0.7017696629213532 178
25666.003 0.5381778846153793 208
25778.12 0.6056216216216067 185
25890.508 0.5819170984456027 193
26003.035 0.4975707964601811 226
26134.081 0.757046242774551 173
26245.92 0.5399758454106175 207
26357.638 0.7156346153846104 156
26469.587 0.7080506329113886 158
26582.007 0.6347005649717545 177
26694.121 0.691586419753088 162
26825.391 0.7411977401129892 177
26937.523 0.5866387434555105 191
27049.178 0.6641250000000019 168
27161.024 0.653619883040937 171
27273.247 0.6300280898876429 178
27386.263 0.638073446327675 177
27516.657 0.78481325301204 166
27628.219 0.5867631578947399 190
27740.218 0.4974355555555667 225
27852.318 0.6022795698924603 186
27964.577 0.5723571428571465 196
28079.587 0.6349944751381277 181
28208.16 0.7260225988700634 177
28319.841 0.5580199999999969 200
28431.509 0.5722615384615216 195
28543.416 0.5402367149758529 207
28655.811 0.6205524861878436 181
28771.36 0.6832781065088874 169
28898.623 0.698884615384616 182
29010.487 0.6245195530726294 179
29122.629 0.5575373134328474 201
29234.41 0.711503184713365 157
29346.614 0.6370852272727295 176
29463.412 0.5836150000000089 200
29589.674 0.6858260869565168 184
29701.468 0.5395555555555648 207
29813.698 0.6300674157303475 178
29925.692 0.635892045454532 176
30037.896 0.5995989304812834 187
30155.917 0.6111036269430205 193
30280.847 0.6641648936170276 188
