71.277 0.52834 100
111.354 0.15910191082802547 157
136.641 0.0922698412698412 126
146.44 0.09067289719626166 107
158.825 0.09388297872340413 94
176.279 0.11047126436781597 87
192.739 0.08038461538461539 117
209.414 0.08798130841121483 107
225.22 0.08638383838383831 99
241.837 0.10243373493975881 83
258.364 0.08895744680851028 94
275.11 0.08793750000000007 96
291.849 0.07601785714285723 112
308.374 0.08290099009901036 101
325.11 0.07605405405405412 111
341.862 0.08120952380952423 105
358.501 0.08174038461538438 104
375.128 0.07691818181818193 110
391.73 0.08396000000000015 100
408.425 0.08178640776699063 103
425.104 0.0788411214953269 107
442.682 0.08901904761904797 105
458.426 0.08258823529411743 102
474.952 0.08451020408163247 98
491.674 0.07512612612612611 111
508.348 0.0860412371134021 97
524.922 0.09071428571428566 91
541.661 0.07710185185185184 108
558.34 0.07512612612612662 111
575.087 0.08095192307692291 104
590.74 0.0895802469135799 81
607.227 0.07299999999999975 99
623.949 0.07208910891089058 101
640.692 0.07744210526315759 95
657.232 0.08034444444444439 90
673.927 0.08065555555555572 90
690.663 0.06485840707964659 113
707.253 0.08148314606741648 89
723.967 0.07448979591836688 98
740.555 0.09024999999999891 80
757.294 0.07080582524271851 103
773.95 0.0910250000000005 80
790.627 0.07219801980197937 101
807.366 0.07221568627450967 102
823.923 0.09183544303797463 79
840.683 0.06867289719626127 107
857.269 0.07985714285714343 91
873.931 0.07263000000000033 100
890.647 0.07948913043478371 92
907.279 0.07134313725490239 102
924.007 0.07413131313131255 99
940.633 0.09120000000000061 80
957.244 0.07871739130434864 92
973.957 0.08378160919540215 87
990.623 0.07836559139784958 93
1007.308 0.06702752293578018 109
1023.926 0.08851219512195169 82
1040.583 0.08429069767441888 86
1057.711 0.07786868686868748 99
1074.338 0.07519607843137326 102
1091.052 0.0803749999999989 96
1107.651 0.08315217391304447 92
1124.436 0.08353763440860221 93
1141.096 0.07534951456310648 103
1157.746 0.07745000000000118 100
1174.414 0.08802272727272835 88
1191.048 0.08764772727272688 88
1207.702 0.09278313253012074 83
1224.409 0.08697752808989004 89
1241.075 0.08795454545454556 88
1257.656 0.09113095238095206 84
1274.331 0.08808045977011507 87
1291.091 0.08251063829787084 94
1307.725 0.10031168831168744 77
1324.441 0.08358064516129181 93
1341.105 0.08538461538461518 91
1357.736 0.07974226804123842 97
1374.347 0.09844871794871907 78
1391.159 0.08791011235955133 89
1407.758 0.08431521739130501 92
1424.391 0.09194047619047838 84
1441.133 0.0803917525773196 97
1457.886 0.0743867924528301 106
1474.349 0.0825913978494628 93
1491.167 0.08331914893616893 94
1507.661 0.09341463414634246 82
1524.366 0.07855102040816421 98
1541.115 0.10103896103896068 77
1557.711 0.0794845360824746 97
1574.411 0.07743000000000165 100
1591.037 0.09874358974358972 78
1607.667 0.08613483146067348 89
1624.464 0.08567032967033021 91
1641.118 0.08108333333333206 96
1657.689 0.07844897959183778 98
1674.357 0.08449450549450635 91
1691.065 0.08494505494505515 91
1707.788 0.07708910891089167 101
1724.395 0.08585555555555655 90
1741.065 0.08885057471264389 87
1757.77 0.08443478260869597 92
1774.429 0.07462500000000187 104
1791.148 0.08492391304347689 92
1807.765 0.09132941176470762 85
1824.451 0.0748365384615397 104
1841.076 0.09001162790697657 86
1857.698 0.08948837209302489 86
1874.527 0.07630097087378787 103
1891.05 0.08572222222222131 90
1907.758 0.08430434782608788 92
1924.514 0.08088659793814437 97
1941.055 0.09082352941176502 85
1957.729 0.0830860215053773 93
1974.316 0.07725252525252665 99
1991.007 0.08249462365591426 93
2007.656 0.083195652173913 92
2024.343 0.07524509803921747 102
2041.091 0.09124705882352774 85
2057.676 0.09358536585365827 82
2074.503 0.0824736842105267 95
2091.115 0.08456521739130159 92
2107.773 0.07544660194174937 103
2124.471 0.07502884615384503 104
2141.096 0.07684158415841552 101
2157.708 0.08961627906976605 86
2174.459 0.081156249999997 96
2191.027 0.0746796116504855 103
2207.679 0.10375675675675518 74
2224.391 0.0830430107526877 93
2241.097 0.09702500000000214 80
2257.758 0.0825212765957405 94
2274.374 0.08756818181817815 88
2291.195 0.08831460674157446 89
2307.752 0.09688749999999687 80
2324.488 0.08786516853932257 89
2341.092 0.07996907216494908 97
2357.703 0.08955813953488105 86
2374.444 0.07854545454545293 99
2391.113 0.08102083333333117 96
2407.731 0.08052083333333353 96
2424.344 0.08435164835164759 91
2441.097 0.09241666666667113 84
2457.731 0.0831290322580669 93
2474.347 0.08826436781609295 87
2490.991 0.08413186813186757 91
2507.653 0.08497777777777427 90
2524.393 0.09307228915662541 83
2540.969 0.08121276595744696 94
2557.698 0.07620792079207586 101
2574.451 0.08647777777777668 90
2591.046 0.08032291666666443 96
2607.82 0.08592307692307648 91
2624.35 0.0817234042553169 94
2641.076 0.08148421052631563 95
2657.674 0.0697545454545434 110
2674.388 0.09082352941176235 85
2691.067 0.08990697674418571 86
2707.704 0.10409459459459425 74
2724.517 0.08625274725274401 91
2741.101 0.0844130434782617 92
2757.72 0.07718999999999596 100
2774.488 0.07979591836734397 98
2791.044 0.09069411764705686 85
2807.841 0.06533333333333076 120
2824.527 0.08272631578947288 95
2841.181 0.07925252525252528 99
2857.806 0.08483695652173735 92
2874.603 0.08180412371133965 97
2891.081 0.09006976744186157 86
2907.713 0.08665168539325831 89
2924.299 0.08118085106382827 94
2941.133 0.06840350877192784 114
2957.735 0.08498901098901016 91
2974.378 0.08115789473684248 95
2991.097 0.0882045454545474 88
3007.729 0.08492307692307265 91
3024.472 0.0788282828282837 99
3041.085 0.08806818181818182 88
3057.669 0.09021176470587841 85
3074.394 0.09779746835442606 79
3091.028 0.08013541666666413 96
3107.836 0.0870555555555509 90
3124.45 0.08459782608695546 92
3141.137 0.09752500000000168 80
3157.697 0.07934020618556611 97
3174.405 0.07976288659793897 97
3191.139 0.07362264150943479 106
3207.771 0.08538461538461518 91
3224.395 0.09423170731707148 82
3241.07 0.08789772727272872 88
3257.779 0.08547252747252519 91
3274.383 0.08207446808510309 94
3291.04 0.09172619047618961 84
3307.678 0.09477777777777383 81
3324.386 0.10719444444444232 72
3341.002 0.09705063291139135 79
3357.551 0.08881176470588209 85
3374.346 0.07677999999999884 100
3390.977 0.10190666666666705 75
3407.694 0.08740909090909099 88
3424.374 0.08376086956521388 92
3441.02 0.08833333333333271 87
3457.693 0.08359782608695933 92
3474.347 0.08929069767441962 86
3491.059 0.08487912087912264 91
3507.814 0.0703873873873842 111
3524.491 0.0759514563106783 103
3541.106 0.07618627450980574 102
3557.733 0.10172368421052924 76
3574.379 0.08291397849462134 93
3591.069 0.09431707317073078 82
3607.827 0.08694444444444747 90
3624.441 0.08934482758620325 87
3641.079 0.07902040816326675 98
3657.702 0.08279569892473412 93
3674.357 0.09376829268292501 82
3691.057 0.07497087378640536 103
3707.729 0.08308602150537486 93
3724.492 0.08412903225806526 93
3741.08 0.08902298850574587 87
3757.699 0.08459340659340511 91
3774.447 0.07857575757575753 99
3791.097 0.09353012048193222 83
3807.624 0.08862790697674237 86
3824.382 0.0714259259259254 108
3841.062 0.08308602150537486 93
3857.761 0.0816842105263133 95
3874.356 0.09262650602409761 83
3891.091 0.09018604651162626 86
3907.668 0.09018823529411961 85
3924.451 0.07705940594059309 101
3941.156 0.08594505494505399 91
3957.724 0.06956756756756943 111
3974.396 0.0858666666666674 90
3991.045 0.0896511627906981 86
4007.736 0.078918367346938 98
4024.416 0.0900930232558145 86
4041.087 0.11570149253731273 67
4057.703 0.08954651162790724 86
4074.368 0.08953488372092812 86
4091.091 0.07603921568627312 102
4107.767 0.07612745098038645 102
4124.386 0.08481318681319513 91
4141.044 0.086617977528088 89
4157.728 0.11887692307692095 65
4174.369 0.09167857142857169 84
4191.074 0.09213095238094736 84
4207.777 0.08835227272726859 88
4224.438 0.0882954545454595 88
4241.089 0.08520879120879017 91
4257.523 0.10302739726027028 73
4274.327 0.08062105263158484 95
4290.94 0.07760204081632208 98
4307.722 0.08675280898875898 89
4324.433 0.07688118811881513 101
4341.081 0.08068750000000098 96
4357.725 0.08487912087912264 91
4374.402 0.08788636363636794 88
4391.025 0.09154761904761428 84
4407.807 0.08047422680411943 97
4424.433 0.10493243243243686 74
4441.046 0.08863218390804874 87
4457.709 0.07556862745097676 102
4474.378 0.09402439024390288 82
4491.161 0.07985714285714308 98
4507.79 0.08286170212765702 94
4524.376 0.09286746987952456 83
4541.15 0.08140624999999584 96
4557.779 0.08102083333333591 96
4574.468 0.0804123711340225 97
4591.033 0.077757575757579 99
4607.766 0.07843434343433756 99
4624.467 0.09998717948717921 78
4641.026 0.08545555555555337 90
4657.786 0.0926785714285697 84
4674.417 0.087067415730345 89
4691.0 0.08243010752688353 93
4707.816 0.08494565217390869 92
4724.372 0.08109473684211192 95
4741.04 0.0778282828282821 99
4757.657 0.08321739130434727 92
4774.394 0.08397826086957139 92
4791.11 0.08543956043955644 91
4807.723 0.09774683544303485 79
4824.37 0.07779797979798207 99
4841.13 0.08758426966292217 89
4857.672 0.10654166666665787 72
4874.349 0.10241333333333993 75
4891.034 0.08019791666666265 96
4907.739 0.08793181818181108 88
4924.426 0.09946153846154769 78
4941.043 0.08470329670329263 91
4957.801 0.0804123711340225 97
4974.343 0.11630303030302236 66
4991.021 0.08635955056179431 89
5007.793 0.08562637362636771 91
5024.485 0.07238888888888242 108
5041.102 0.09031395348837007 86
5057.842 0.08431182795698322 93
5074.413 0.0766831683168306 101
5091.169 0.08423655913978315 93
5107.8 0.08209473684210504 95
5124.308 0.09922077922078347 77
5141.094 0.07837373737373753 99
5157.821 0.08886363636363305 88
5174.343 0.09136904761904978 84
5191.038 0.10698611111110444 72
5207.655 0.09449382716048817 81
5224.402 0.0909882352941221 85
5240.928 0.10123999999999796 75
5257.717 0.09296385542168 83
5274.372 0.08283870967742617 93
5291.075 0.08999999999999746 86
5307.78 0.07857575757575294 99
5324.375 0.0906588235294133 85
5341.158 0.08503260869565565 92
5357.759 0.07916326530612051 98
5374.414 0.10059740259740382 77
5391.097 0.08921839080459444 87
5407.705 0.10136842105262794 76
5424.464 0.09065116279070089 86
5441.021 0.08354347826086625 92
5457.624 0.08469999999999547 90
5474.419 0.08426086956521193 92
5491.193 0.08271578947368605 95
5507.732 0.08589999999999741 90
5524.514 0.08529347826086688 92
5541.066 0.10447297297296983 74
5557.792 0.08561538461538645 91
5574.425 0.07116513761468364 109
5591.091 0.08617777777778125 90
5607.797 0.10679452054793653 73
5624.567 0.09873750000000428 80
5640.977 0.08586516853932388 89
5657.696 0.10992857142856727 70
5674.339 0.09354878048780825 82
5691.02 0.09371951219512684 82
5707.681 0.07603960396038992 101
5724.43 0.07322641509434552 106
5741.023 0.08736363636363752 88
5757.706 0.08856321839080376 87
5774.451 0.07630392156863094 102
5791.121 0.09731249999999818 80
5807.753 0.07177777777777312 108
5824.535 0.07217431192660724 109
5841.094 0.0957901234567903 81
5857.718 0.12861666666666072 60
5874.369 0.08751136363636389 88
5891.096 0.09239285714285134 84
5907.8 0.07500000000000175 104
5924.375 0.08961627906977133 86
5941.142 0.08394623655913752 93
5957.82 0.08318085106382453 94
5974.417 0.087067415730345 89
5991.108 0.07851515151515291 99
6007.711 0.09759493670886123 79
6024.414 0.07669306930693164 101
6041.067 0.08990697674418571 86
6057.718 0.09297590361445354 83
6074.465 0.08663333333333867 90
6091.007 0.08075789473683759 95
6107.68 0.08083157894736934 95
6124.358 0.08358695652174467 92
6141.012 0.10235999999999573 75
6157.684 0.0783979591836734 98
6174.341 0.09027058823530217 85
6191.093 0.08253191489361501 94
6207.746 0.08702247191011113 89
6224.417 0.08332258064516888 93
6241.137 0.08299999999999659 94
6257.737 0.09320481927710694 83
6274.471 0.08044329896907096 97
6291.102 0.08351612903225619 93
6307.719 0.10155263157894535 76
6324.392 0.07499029126213748 103
6341.149 0.07973469387755414 98
6357.687 0.08734090909090562 88
6374.481 0.08585714285714398 91
6391.112 0.09258333333333385 84
6407.777 0.06942857142857 112
6428.419 0.1250106382978745 94
6441.136 0.09398795180723356 83
6457.742 0.09001162790697657 86
6474.385 0.09297590361446449 83
6491.088 0.09571604938271237 81
6507.848 0.0825999999999974 95
6524.466 0.09174117647059628 85
6541.078 0.09678750000000491 80
6557.666 0.06665217391304316 115
6574.319 0.08694318181819033 88
6591.142 0.07806999999999789 100
6607.696 0.08844827586206562 87
6624.34 0.08818390804598253 87
6641.007 0.09133333333332823 84
6657.649 0.10335135135135322 74
6674.377 0.07866326530613002 98
6690.947 0.08365934065934377 91
6707.809 0.07885858585858373 99
6724.357 0.08449450549450885 91
6741.09 0.08250000000000116 94
6757.714 0.07415384615384167 104
6774.353 0.1113768115942087 69
6791.069 0.08141052631579346 95
6807.743 0.09912820512820475 78
6824.366 0.0864943820224755 89
6841.04 0.0856111111111103 90
6857.754 0.08518681318680767 91
6874.411 0.07982474226804528 97
6891.01 0.0882183908045998 87
6907.747 0.08152631578947253 95
6924.478 0.08221052631579369 95
6941.123 0.09859493670885772 79
6957.657 0.08601123595505332 89
6974.505 0.09008045977012004 87
6991.001 0.09236144578313454 83
7007.612 0.10013157894736412 76
7024.375 0.08198936170213122 94
7040.99 0.08143617021276325 94
7057.683 0.08002083333333114 96
7074.408 0.0879545454545533 88
7090.986 0.09445679012345481 81
7107.674 0.09025882352940671 85
7124.295 0.08474444444444897 90
7141.155 0.08320212765957354 94
7157.712 0.08380434782608735 92
7174.444 0.08185263157895525 95
7191.068 0.1171666666666693 66
7207.663 0.08908139534882731 86
7224.392 0.09087058823529601 85
7241.156 0.07743564356435557 101
7257.727 0.0877840909090847 88
7274.458 0.09498780487804585 82
7291.069 0.08317204301075895 93
7307.721 0.09299999999998966 83
7324.377 0.08471428571429387 91
7341.112 0.09149411764705934 85
7357.688 0.09042352941176111 85
7374.436 0.07398095238095266 105
7391.215 0.07229357798165238 109
7407.77 0.07541747572815562 103
7424.413 0.08605555555555434 90
7441.118 0.07941836734694241 98
7457.716 0.09183333333333264 84
7474.27 0.11695384615385802 65
7491.01 0.08342391304348024 92
7507.641 0.08680681818180926 88
7524.332 0.07162616822430533 107
7541.042 0.07483495145631591 103
7557.656 0.09567499999999426 80
7574.351 0.0893372093023255 86
7590.959 0.08969411764705643 85
7607.701 0.08650561797752376 89
7624.454 0.07276635514018746 107
7641.081 0.0790510204081663 98
7657.747 0.10326666666666522 75
7674.446 0.08187368421052892 95
7691.124 0.0885113636363609 88
7707.812 0.08308510638297331 94
7724.437 0.08009278350515704 97
7741.127 0.07420952380952735 105
7757.665 0.08421978021977758 91
7774.434 0.0872584269662981 89
7791.105 0.08931034482758077 87
7807.766 0.0946829268292587 82
7824.536 0.09148837209302782 86
7841.046 0.07949484536082722 97
7857.712 0.07867346938775548 98
7874.545 0.07956565656566068 99
7891.209 0.0742830188679226 106
7907.834 0.06930973451326924 113
7924.61 0.07422429906542063 107
7941.025 0.0904705882352894 85
7957.705 0.08023958333332833 96
7974.388 0.10025974025974357 77
7991.058 0.08677528089887591 89
8007.736 0.07813131313130982 99
8024.308 0.08396703296702882 91
8041.13 0.08758426966292217 89
8057.732 0.07224299065420153 107
8074.297 0.10308108108107705 74
8091.089 0.08912643678160811 87
8107.746 0.09111764705882225 85
8124.305 0.08038947368421712 95
8141.15 0.1056081081081027 74
8157.662 0.08704545454545289 88
8174.506 0.07537499999999944 104
8191.153 0.07664705882353148 102
8207.76 0.08432608695651968 92
8224.399 0.08885057471263866 87
8241.087 0.10475675675676226 74
8257.788 0.09270238095238408 84
8274.464 0.08960919540230203 87
8291.085 0.08516483516483517 91
8307.747 0.08605555555554424 90
8324.351 0.07921649484537223 97
8341.106 0.08355913978495312 93
8357.712 0.08380434782607747 92
8374.433 0.08440217391305692 92
8390.984 0.10064473684212173 76
8407.745 0.07374285714286088 105
8424.413 0.0815263157894821 95
8441.115 0.08942528735632936 87
8457.621 0.08757471264366411 87
8474.38 0.0929156626505968 83
8491.033 0.07262264150943698 106
8507.84 0.07609708737863824 103
8524.4 0.08138947368421022 95
8540.953 0.08756321839080912 87
8557.769 0.09032558139534917 86
8574.373 0.08755681818181736 88
8591.138 0.08968965517243337 87
8607.793 0.08116666666666106 96
8624.44 0.08181052631579835 95
8641.153 0.08317021276596936 94
8657.743 0.09441463414634377 82
8674.435 0.07191666666666505 108
8691.131 0.10123376623376718 77
8707.707 0.08027083333333469 96
8724.455 0.09161176470588543 85
8741.116 0.08277659574468998 94
8757.752 0.07909183673469596 98
8774.457 0.07789000000000669 100
8791.117 0.07782000000001062 100
8807.826 0.07671568627449911 102
8824.528 0.07860000000000582 100
8841.289 0.0958313253012234 83
8857.634 0.08875581395348617 86
8874.291 0.07622999999999593 100
8890.979 0.08786206896551992 87
8907.765 0.08172631578946542 95
8924.352 0.08731818181819438 88
8941.017 0.08631460674158088 89
8957.734 0.08592222222222416 90
8974.358 0.08544444444445011 90
8991.08 0.08801136363637273 88
9007.684 0.08536666666665647 90
9024.411 0.1018815789473736 76
9041.02 0.0863483146067563 89
9057.707 0.08111578947368558 95
9074.388 0.07283018867925627 106
9091.116 0.08742696629214448 89
9107.74 0.08232978723403807 94
9124.446 0.08547252747253019 91
9141.098 0.07611764705881582 102
9157.711 0.10418918918917738 74
9174.405 0.0850219780219889 91
9191.162 0.07247222222223274 108
9207.847 0.08088659793813968 97
9224.445 0.078555555555556 99
9241.025 0.08544444444445011 90
9257.746 0.08801136363635206 88
9274.433 0.08173684210527618 95
9291.063 0.10036363636364902 77
9307.683 0.08441758241759009 91
9324.331 0.09122619047619603 84
9341.068 0.08315053763441048 93
9357.641 0.0756534653465309 101
9374.353 0.092590361445777 83
9391.044 0.09636250000000927 80
9407.677 0.0984102564102497 78
9424.375 0.08858620689655557 87
9441.106 0.08634444444445157 90
9457.748 0.07746999999999389 100
9474.396 0.09540740740741945 81
9491.129 0.0856483516483702 91
9507.684 0.09725316455695042 79
9524.361 0.0864382022472036 89
9541.013 0.08825287356323797 87
9557.697 0.09055294117647196 85
9574.412 0.09111764705883295 85
9591.118 0.08368817204302437 93
9607.728 0.08585555555554392 90
9624.398 0.07729999999999564 100
9641.056 0.07424038461539777 104
9657.698 0.08366304347826213 92
9674.399 0.08137894736841861 95
9691.084 0.06918750000001442 112
9707.724 0.08877011494252823 87
9724.456 0.08465217391304854 92
9741.213 0.08206250000000637 96
9757.593 0.0782680412371191 97
9774.359 0.07847959183674197 98
9791.048 0.09182142857144711 84
9807.67 0.07825510204081498 98
9824.364 0.08457142857142762 91
9841.146 0.07300000000001415 107
9857.681 0.08000000000000303 96
9874.373 0.08857471264367967 87
9891.081 0.08606666666667782 90
9907.619 0.07694949494949892 99
9924.375 0.07555882352941505 102
9941.05 0.0866853932584286 89
9957.709 0.07708000000000538 100
9974.46 0.07714851485147982 101
9991.156 0.07980612244899726 98
10007.71 0.08565555555554359 90
