445.816 0.7074637681159419 276
612.152 0.27429431438127094 598
741.043 0.30892565947242207 417
863.393 0.3725975609756097 328
979.377 0.39969655172413765 290
1110.932 0.509604651162791 258
1222.702 0.46504583333333377 240
1334.115 0.5178604651162787 215
1464.335 0.657287878787879 198
1575.574 0.5476403940886702 203
1686.941 0.5888465608465616 189
1802.767 0.5460094339622648 212
1927.53 0.5616846846846845 222
2039.048 0.49973094170403615 223
2152.133 0.5539803921568613 204
2279.807 0.6194514563106794 206
2391.063 0.4876315789473697 228
2502.646 0.46269709543568555 241
2622.259 0.5687428571428579 210
2751.182 0.6135857142857124 210
2864.374 0.49181739130434754 230
2977.997 0.5793214285714287 196
3091.815 0.5862113402061851 194
3205.276 0.6708816568047332 169
3324.433 0.6300582010582018 189
3451.467 0.5642844444444441 225
3564.932 0.5201284403669721 218
3678.299 0.5057544642857132 224
3791.874 0.5880518134715009 193
3905.284 0.5695125628140708 199
4038.502 0.6309952606635065 211
4151.643 0.5710606060606069 198
4265.505 0.6716627218934936 169
4378.883 0.5395238095238104 210
4492.694 0.5390379146919435 211
4607.316 0.6328453038674037 181
4739.368 0.7856369047619053 168
4852.582 0.5465748792270557 207
4965.947 0.5608366336633651 202
5079.197 0.5363649289099516 211
5192.725 0.5909062500000033 192
5309.525 0.547995305164319 213
5439.432 0.7018378378378386 185
5552.872 0.5725505050505085 198
5665.934 0.576454081632656 196
5779.42 0.6335810055865925 179
5893.211 0.6146756756756765 185
6010.208 0.7172944785276065 163
6139.244 0.6322009803921571 204
6252.714 0.581512820512818 195
6365.954 0.5363127962085278 211
6479.722 0.5860309278350495 194
6593.067 0.5691859296482413 199
6710.971 0.5429861751152052 217
6839.167 0.6101523809523834 210
6952.291 0.5680904522613075 199
7065.82 0.6446079545454547 176
7179.318 0.5786938775510203 196
7293.417 0.5328224299065436 214
7411.826 0.5887114427860703 201
7539.303 0.6533794871794854 195
7652.713 0.5666750000000002 200
7766.154 0.5904427083333369 192
7879.439 0.5896250000000028 192
7993.139 0.6243131868131868 182
8112.882 0.6957267441860463 172
8239.478 0.735529069767439 172
8353.32 0.5417238095238038 210
8466.571 0.5467439613526545 207
8580.319 0.48569658119658227 234
8693.946 0.5593645320197018 203
8813.946 0.6813863636363583 176
8940.234 0.6643000000000029 190
9053.363 0.5857668393782377 193
9166.473 0.5980634920634902 189
9279.809 0.5898697916666625 192
9393.296 0.5324460093896717 213
9526.525 0.71588172043011 186
9639.858 0.4859656652360496 233
9753.152 0.6220714285714316 182
9866.642 0.5906979166666702 192
9980.109 0.5845000000000001 194
10093.885 0.6649064327485411 171
10226.933 0.7470393258427066 178
10340.271 0.563537313432839 201
10453.704 0.5667749999999978 200
10567.259 0.49338695652173636 230
10680.935 0.5048888888888905 225
10795.712 0.5143497757847485 223
10927.883 0.7026648936170243 188
11041.211 0.4798813559321974 236
11154.569 0.5664149999999972 200
11267.994 0.6550867052023117 173
11381.378 0.6784850299401239 167
11496.897 0.5830404040404087 198
11628.095 0.6794455958549213 193
11741.425 0.5171369863013644 219
11854.864 0.5503106796116485 206
11968.142 0.6620175438596487 171
12081.493 0.6399548022598918 177
12197.985 0.6258924731182853 186
12328.022 0.5907727272727326 220
12441.106 0.5765561224489755 196
12554.334 0.6735178571428562 168
12668.033 0.5597142857142827 203
12781.585 0.6559479768786091 173
12898.791 0.5827363184079563 201
13027.734 0.7406724137931058 174
13141.062 0.5719747474747485 198
13254.433 0.5751015228426399 197
13368.538 0.6230054644808755 183
13482.152 0.6880787878787845 165
13598.908 0.7247142857142863 161
13728.239 0.6184880382775082 209
13841.413 0.5490194174757279 206
13955.127 0.5710402010050283 199
14068.458 0.5929633507853467 191
14181.969 0.5376066350710876 211
14299.542 0.5108521739130399 230
14428.129 0.6269170731707319 205
14541.573 0.4571290322580661 248
14655.518 0.5083303571428571 224
14768.621 0.6496034482758566 174
14882.154 0.5788571428571435 196
15000.393 0.5764000000000012 205
15128.273 0.6727052631578868 190
15241.637 0.5664350000000014 200
15355.244 0.5791020408163307 196
15468.715 0.561361386138616 202
15582.464 0.5572205882352975 204
15702.206 0.6722752808988813 178
15828.793 0.6765668449197862 187
15942.126 0.5219400921659005 217
16055.509 0.6157934782608723 184
16169.003 0.609768817204308 186
16282.448 0.6668705882352964 170
16415.944 0.7330714285714278 182
16528.905 0.5849585492227835 193
16642.156 0.5144227272727221 220
16755.44 0.5865647668393705 193
16868.958 0.6002222222222174 189
16982.862 0.5552585365853724 205
17115.703 0.7099946524064183 187
17228.793 0.5651000000000022 200
17342.105 0.5928481675392689 191
17455.346 0.6466457142857169 175
17568.699 0.6090161290322681 186
17682.992 0.48810256410255004 234
17815.784 0.6202149532710222 214
17929.124 0.5056339285714232 224
18042.38 0.6618713450292415 171
18155.868 0.547874396135265 207
18269.342 0.6129675675675743 185
18385.287 0.6098263157894842 190
18516.424 0.612359813084104 214
18629.6 0.5411148325358713 209
18743.047 0.5784183673469335 196
18856.36 0.662216374269014 171
18969.894 0.59714210526315 190
19086.737 0.49060504201680344 238
19216.633 0.7592456140350992 171
19329.598 0.5533725490196209 204
19442.98 0.5080896860986551 223
19556.353 0.5751015228426307 197
19670.16 0.5862371134020596 194
19786.967 0.6079687499999977 192
19916.059 0.6549543147208206 197
20029.595 0.489043103448286 232
20142.705 0.5257348837209446 215
20256.583 0.5633811881188113 202
20370.138 0.5158090909090871 220
20488.193 0.6518066298342483 181
20615.985 0.7175617977528224 178
20728.954 0.6037005347593574 187
20842.459 0.5375639810426516 211
20955.785 0.5748680203045675 197
21069.393 0.5184109589041062 219
21188.917 0.6188911917098441 193
21315.746 0.6065071770334851 209
21428.907 0.4895627705627703 231
21542.12 0.5286682242990579 214
21655.888 0.5287860465116209 215
21769.457 0.6168043478260781 184
21902.474 0.7426815642458028 179
22015.985 0.5376777251184869 211
22129.129 0.6014308510638272 188
22242.605 0.67903592814372 167
22355.837 0.5924397905759112 191
22469.602 0.6112365591397779 186
22603 0.6665999999999985 200
22716.039 0.5537941176470685 204
22829.185 0.6079139784946243 186
22942.826 0.5282046511628006 215
23056.05 0.6251325966850697 181
23170.543 0.6218206521739178 184
23302.662 0.7021542553191543 188
23415.897 0.505183035714286 224
23529.075 0.5860207253885956 193
23642.864 0.6423559322033905 177
23756.146 0.6086129032258125 186
23873.015 0.5535213270142078 211
24002.978 0.6494800000000032 200
24115.967 0.5109185520362012 221
24229.257 0.6086720430107513 186
24342.624 0.62590607734807 181
24456.371 0.6315111111111037 180
24573.258 0.6453314917127088 181
24702.17 0.776168674698779 166
24815.448 0.5145454545454579 220
24928.538 0.6609064327485346 171
25042.395 0.6356480446927321 179
25155.952 0.5403809523809503 210
25273.53 0.6216984126984137 189
25401.898 0.7289829545454516 176
25514.978 0.597894179894182 189
25628.471 0.5375213270142241 211
25741.794 0.586766839378253 193
25855.312 0.5939214659685975 191
25973.845 0.5640809523809627 210
26101.234 0.6302970297029689 202
26214.575 0.49032467532467283 231
26328.338 0.5859020618556746 194
26441.827 0.5846030927835075 194
26555.362 0.6446534090909236 176
26674.065 0.6021675126903574 197
26801.108 0.6826612903225728 186
26914.56 0.6441704545454534 176
27027.784 0.6389999999999952 177
27140.821 0.6310558659217816 179
27254.546 0.6077486631015915 187
27373.566 0.6643743016759713 179
27500.346 0.5682107623318519 223
27613.853 0.5643283582089567 201
27727.189 0.5992645502645428 189
27840.836 0.5209724770642207 218
27954.395 0.5645920398009959 201
28074.008 0.6461459459459473 185
28200.524 0.6108502415458933 207
28313.709 0.6016595744680711 188
28426.733 0.6929141104294461 163
28541.482 0.6232336956521699 184
28657.461 0.6231129032257936 186
28777.744 0.6132244897959138 196
28903.986 0.5509650655021926 229
29016.976 0.47844491525423927 236
29130.366 0.5127330316742178 221
29243.557 0.6538323699422034 173
29357.095 0.6035265957446795 188
29489.927 0.6146203703703611 216
29602.928 0.510986425339366 221
29716.063 0.5596930693069172 202
29829.498 0.5966210526315798 190
29943.073 0.590984375000005 192
30058.033 0.6209945945945848 185
30190.12 0.6055963302752314 218
30303.405 0.5442788461538419 208
30416.694 0.580584615384615 195
30529.963 0.7164113924050589 158
30643.617 0.6009365079364947 189
30760.13 0.6160634920635001 189
30890.296 0.605111627906969 215
31003.482 0.5285514018691616 214
31116.739 0.5774489795918383 196
31230.362 0.5305887850467388 214
31344.399 0.5997842105263292 190
31461.246 0.5897474747474769 198
31590.712 0.6994540540540608 185
31703.992 0.568844221105513 199
31817.331 0.5749340101522782 197
31931.243 0.5635247524752401 202
32044.805 0.6485028571428639 175
32162.312 0.6116145833333348 192
32290.882 0.6090142180094806 211
32404.031 0.5542745098039221 204
32517.772 0.5438468899521564 209
32631.117 0.5838505154639166 194
32744.84 0.5437655502392384 209
32863.881 0.5803073170731694 205
32990.681 0.7079888268156197 179
33104.367 0.5652238805970178 201
33217.802 0.5476328502415487 207
33331.174 0.6091182795699037 186
33444.823 0.5209770642201683 218
33565.023 0.7236325301204795 166
33691.119 0.6496185567010208 194
33804.485 0.5721767676767547 198
33918.374 0.5292790697674675 215
34031.754 0.6157445652173841 184
34145.452 0.5826769230769013 195
34278.821 0.6978586387434802 191
34391.798 0.5760612244898117 196
34505.111 0.5777295918367377 196
34618.495 0.5963473684210744 190
34731.99 0.6407683615819064 177
34845.987 0.5871855670103315 194
34978.64 0.6662462311557724 199
35091.643 0.6038877005347382 187
35205.084 0.5813538461538533 195
35318.553 0.5531219512195094 205
35432.044 0.5531268292683086 205
35547.84 0.5165982142856852 224
35678.768 0.7351741573033548 178
35792.014 0.4775147679324983 237
35905.364 0.6122756756756791 185
36018.72 0.65478034682082 173
36132.195 0.5815282051282105 195
36248.423 0.5836633165829391 199
36378.964 0.6523400000000038 200
36492.209 0.5894166666666933 192
36606.098 0.5368443396226487 212
36719.575 0.515454545454519 220
36832.918 0.647239999999999 175
36949.513 0.5884747474747293 198
37079.606 0.7223611111111192 180
37192.903 0.5391428571428627 210
37306.16 0.5467584541062982 207
37419.888 0.5626089108910752 202
37533.78 0.5897098445595776 193
37649.936 0.5746534653465433 202
37779.625 0.7855696969696896 165
37892.761 0.573893401015232 197
38006.18 0.5501990291262153 206
38119.952 0.543985645933011 209
38233.664 0.4919307359307299 231
38351.203 0.6182157894736998 190
38479.566 0.6258439024390366 205
38593.062 0.5155363636363538 220
38706.464 0.6260994475138151 181
38820.022 0.5789846938775498 196
38933.694 0.5623465346534882 202
39052.853 0.6074795918367661 196
39180.325 0.6338159203979961 201
39293.909 0.6560982658959387 173
39406.913 0.6928036809816155 163
39520.29 0.5319248826291216 213
39633.926 0.559403940886705 203
39753.972 0.6314052631579168 190
39880.361 0.6131844660194121 206
39993.559 0.6017021276595884 188
40106.733 0.589031249999986 192
40220.123 0.5581970443349679 203
40333.948 0.5863247422680193 194
40467.22 0.7084787234042721 188
40580.522 0.5147045454545481 220
40693.767 0.6084139784946283 186
40807.06 0.6738988095237888 168
40920.506 0.5372938388625534 211
41034.517 0.6365083798882551 179
41167.065 0.6557277227722879 202
41280.138 0.5621741293532126 201
41393.493 0.5869326424870762 193
41506.781 0.5989894179894315 189
41620.185 0.5902447916666537 192
41735.076 0.5242557077625483 219
41866.942 0.6398058252427326 206
41980.008 0.5764846938775602 196
42093.213 0.6017393617021298 188
42206.5 0.654387283237009 173
42319.951 0.6062780748663286 187
42436.165 0.5836030150753891 199
42566.219 0.6631785714285723 196
42679.22 0.5562709359606035 203
42792.46 0.6393389830508501 177
42906.217 0.5890103626942821 193
43019.972 0.6609011627907146 172
43136.407 0.6156455026454832 189
43266.195 0.6756197916666528 192
43379.507 0.4901818181818023 231
43492.881 0.5722070707070639 198
43606.719 0.6182663043478185 184
43720.327 0.5184109589041062 219
43838.367 0.670244318181796 176
43966.006 0.6074714285714435 210
44079.466 0.6298888888888743 180
44193.214 0.723923566878998 157
44306.622 0.619273224043742 183
44420.151 0.558876847290628 203
44538.639 0.6506043956044147 182
44666.045 0.7152471910112275 178
44779.637 0.5279720930232691 215
44893.117 0.569884422110549 199
45006.747 0.5677350000000296 200
45120.212 0.6196065573770437 183
45239.002 0.6745170454545669 176
45365.89 0.6405151515151521 198
45479.207 0.5898072916666782 192
45592.333 0.5596584158415816 202
45705.705 0.544697115384609 208
45819.32 0.597563157894719 190
45938.466 0.6689325842696613 178
46064.685 0.7167670454545342 176
46178.178 0.550553398058238 206
46291.484 0.6153804347825865 184
46404.812 0.618857923497249 183
46518.317 0.6336759776536306 179
46638.264 0.5790772946860195 207
46764.26 0.6424948979592027 196
46877.66 0.4992246696035265 227
46990.968 0.5959473684210694 190
47104.448 0.5815692307692072 195
47218.143 0.5738333333333272 198
47351.037 0.7378666666666606 180
47464.235 0.5713888888888992 198
47577.601 0.5750710659898696 197
47691.139 0.7181075949367276 158
47804.411 0.6288777777777593 180
47918.141 0.5740101010101125 198
48051.517 0.6258075117370829 213
48164.732 0.5119728506787359 221
48277.902 0.6389491525423988 177
48391.122 0.654011560693643 173
48504.328 0.6049732620321104 187
48618.657 0.5414739336492729 211
48751.167 0.708251336898392 187
48864.289 0.607779569892466 186
48977.407 0.5332122641509314 212
49090.776 0.599433862433851 189
49204.149 0.6401073446327631 177
49318.86 0.5788737373737292 198
49450.882 0.7094139784946286 186
49564.016 0.49806607929516084 227
49677.359 0.643562499999999 176
49790.93 0.6168206521739272 184
49904.327 0.5752436548223182 197
50020.899 0.6163703703703639 189
50150.923 0.6401625615763613 203
50264.23 0.5523463414634135 205
50377.901 0.4813262711864439 236
50491.673 0.5121486486486492 222
50605.58 0.6054840425531826 188
50723.075 0.6083782383419378 193
50851.486 0.6385422885571855 201
50964.85 0.5446586538461395 208
51078.571 0.536056603773586 212
51191.944 0.632843575419007 179
51305.328 0.5751624365482269 197
51423.284 0.6270159574468128 188
51551.675 0.5968651162790741 215
51664.781 0.5595544554455748 202
51778.376 0.5704472361808691 199
51891.753 0.5932146596858453 191
52005.38 0.6343519553072574 179
52123.619 0.5792254901960618 204
52251.763 0.6187246376811639 207
52365.152 0.519779816513786 218
52478.754 0.49146753246754227 231
52592.294 0.5157454545454543 220
52705.993 0.5887046632124489 193
52825.697 0.5951592039801016 201
52952.112 0.6866739130434681 184
53065.48 0.5750761421319841 197
53178.486 0.6970987654321006 162
53292.324 0.5659751243781025 201
53405.981 0.5736363636363725 198
53526.076 0.6283612565445017 191
53652.056 0.7278034682080706 173
53765.071 0.6039518716577849 187
53878.326 0.5687336683417079 199
53991.806 0.5875854922279533 193
54105.365 0.5617970297029712 202
54238.711 0.6500926829268304 205
54352.07 0.5369526066350647 211
54465.736 0.4981184210526152 228
54579.486 0.5007356828193569 227
54693.117 0.5069374999999842 224
54807.159 0.629646408839781 181
54939.745 0.7048617021276747 188
55053.084 0.5471642512077247 207
55166.351 0.5864559585492306 193
55279.778 0.5667450000000099 200
55393.087 0.577714285714267 196
55507.726 0.5561213592233083 206
55639.907 0.7863869047618902 168
55752.976 0.5485048543689595 206
55866.236 0.6323072625698171 179
55979.685 0.5966894736842062 190
56093.263 0.5509854368931892 206
56208.648 0.5289403669724821 218
56339.775 0.7473200000000153 175
56453.103 0.5992169312169334 189
56566.477 0.596299999999993 190
56679.677 0.6114810810810997 185
56792.995 0.6055721925133992 187
56909.934 0.6602372881355988 177
57039.876 0.7379204545454328 176
57153.009 0.5624676616915266 201
57266.351 0.5317558685446143 213
57379.885 0.5730101010101293 198
57493.855 0.5752171717171902 198
57611.169 0.5556350710900541 211
57740.091 0.6817830687830879 189
57853.467 0.5221152073732676 217
57966.793 0.5101351351351351 222
58080.767 0.5107488789237543 223
58194.508 0.576974619289362 197
58312.006 0.6708628571428459 175
58440.594 0.6394228855721275 201
58553.644 0.6455542857142947 175
58666.896 0.6541907514451035 173
58780.581 0.5596502463054026 203
58894.134 0.5731111111110864 198
59012.74 0.6512527472527386 182
59139.926 0.6387788944723536 199
59253.412 0.5530926829268205 205
59366.857 0.5503398058252554 206
59480.164 0.5577931034482578 203
59593.889 0.7015123456790375 162
59713.691 0.6077309644669956 197
59840.048 0.5766575342465775 219
59953.305 0.5467777777777646 207
60066.785 0.644340909090922 176
60180.247 0.6162336956521872 184
60293.755 0.5533170731707331 205
