430.247 0.6964689922480621 258
608.183 0.36470661157024786 484
735.481 0.31414074074074066 405
854.732 0.35261834319526614 338
972.516 0.44422264150943375 265
1103.836 0.5731179039301312 229
1215.092 0.45530737704918045 244
1325.949 0.5567035175879402 199
1455.144 0.648839195979899 199
1565.293 0.5120372093023254 215
1675.75 0.5574797979797984 198
1790.32 0.5901701030927832 194
1915.668 0.6264049999999998 200
2026.198 0.5522700000000009 200
2137.562 0.5919521276595734 188
2266.094 0.7019836065573781 183
2376.613 0.5663641025641015 195
2487.212 0.6279715909090917 176
2616.001 0.6774578947368426 190
2726.506 0.6238983050847449 177
2837.23 0.6113149171270725 181
2966.38 0.6793315789473701 190
3077.053 0.498189189189189 222
3187.832 0.5677128205128191 195
3303.575 0.6218602150537619 186
3427.389 0.654751322751323 189
3537.945 0.6037158469945356 183
3650.342 0.6381874999999995 176
3777.669 0.6459796954314712 197
3888.073 0.5776282722513078 191
3998.591 0.5812684210526305 190
4127.439 0.86395302013423 149
4238.221 0.5160280373831747 214
4349.124 0.5569145728643217 199
4478.342 0.7596588235294107 170
4588.964 0.5583030303030296 198
4699.685 0.558808080808082 198
4815.701 0.6199946524064187 187
4938.542 0.604798029556652 203
5048.922 0.5515149999999994 200
5162.083 0.5625323383084553 201
5287.968 0.7488749999999982 168
5398.242 0.6088342541436493 181
5509.05 0.5592424242424267 198
5637.758 0.7266384180790948 177
5748.091 0.5802947368421069 190
5858.598 0.533487922705313 207
5987.94 0.6592908163265283 196
6098.079 0.6590538922155682 167
6208.807 0.5885691489361694 188
6325.641 0.5987538461538442 195
6448.005 0.5908019323671511 207
6558.518 0.5722020725388621 193
6672.285 0.6212404371584694 183
6798.035 0.5956540284360189 211
6908.705 0.5978054054054057 185
7019.368 0.5945483870967755 186
7148.163 0.7072527472527437 182
7258.609 0.5490995024875651 201
7369.153 0.5467673267326738 202
7498.142 0.7083021978021982 182
7608.655 0.5549597989949744 199
7719.38 0.56166497461929 197
7848.168 0.825096153846149 156
7958.476 0.5927096774193532 186
8068.99 0.6383872832369931 173
8183.239 0.630784530386738 181
8308.25 0.766539877300613 163
8418.853 0.5582121212121204 198
8530.064 0.6461395348837233 172
8658.69 0.769802395209585 167
8769.151 0.48843362831858594 226
8879.251 0.5264449760765553 209
9008.266 0.6259223300970899 206
9118.864 0.5696958762886537 194
9229.38 0.5494427860696522 201
9358.313 0.753549707602339 171
9468.728 0.5085023041474624 217
9579.359 0.5788115183246068 191
9694.195 0.6411284916201051 179
9818.585 0.6793661202185721 183
9929.135 0.5551407035175877 199
10040.572 0.6589467455621361 169
10169.044 0.6653005181347164 193
10279.214 0.5793578947368396 190
10389.876 0.5072568807339465 218
10518.595 0.718692737430161 179
10629.113 0.5111666666666679 216
10739.681 0.5908609625668448 187
10868.665 0.7366171428571501 175
10978.965 0.5832275132275109 189
11089.543 0.665680722891559 166
11204.467 0.6174623655913977 186
11328.442 0.5872511848341225 211
11439.285 0.5081055045871552 218
11551.366 0.5411014492753614 207
11678.946 0.6539384615384617 195
11789.273 0.5326280193236667 207
11900.096 0.5428725490196038 204
12028.97 0.7076813186813125 182
12139.337 0.5227109004739311 211
12250.02 0.6144888888888899 180
12379.185 0.7171666666666675 180
12489.708 0.511342592592596 216
12600.325 0.6007608695652221 184
12716.4 0.6203208556149733 187
12839.285 0.6430209424083723 191
12950.094 0.6630778443113686 167
13062.815 0.5747244897959216 196
13189.464 0.6491435897435925 195
13299.796 0.5959783783783752 185
13410.423 0.6041038251366191 183
13538.997 0.7178659217877073 179
13649.631 0.5393170731707292 205
13760.393 0.5705463917525757 194
13889.581 0.7055300546448141 183
14002.338 0.5924999999999943 190
14115.547 0.6734047619047596 168
14228.45 0.5938263157894796 190
14341.439 0.6037914438502655 187
14460.831 0.5965750000000025 200
14586.17 0.6558743455497427 191
14698.643 0.6042849462365637 186
14811.707 0.5405167464114868 209
14924.515 0.6228232044198883 181
15037.194 0.6742574850299327 167
15169.489 0.671157360406086 197
15282.093 0.5626450000000023 200
15395.582 0.5529463414634204 205
15508.517 0.5758061224489804 196
15621.691 0.5626616915422944 201
15737.398 0.6250324324324292 185
15867.216 0.6865132275132286 189
15979.687 0.537794258373203 209
16092.212 0.5708020304568544 197
16204.952 0.6024705882352858 187
16317.976 0.630994413407823 179
16434.716 0.6205531914893653 188
16562.408 0.8341568627450994 153
16675.062 0.5285258215962485 213
16788.425 0.5721515151515154 198
16901.359 0.6678165680473419 169
17014.314 0.5788615384615229 195
17132.832 0.5508883720930181 215
17259.488 0.6393232323232473 198
17372.991 0.5086457399103297 223
17485.979 0.5702575757575761 198
17598.622 0.5411778846153783 208
17711.522 0.5696919191919145 198
17831.403 0.6925144508670327 173
17956.801 0.6329747474747369 198
18069.848 0.5734416243654861 197
18182.643 0.65533720930233 172
18295.948 0.5774846938775597 196
18409.668 0.5919010416666689 192
18541.861 0.6990317460317567 189
18654.221 0.5787938144329899 194
18766.519 0.7531543624161152 149
18879.523 0.6762035928143681 167
18992.623 0.588677083333323 192
19106.436 0.6249285714285768 182
19238.375 0.728558011049717 181
19350.972 0.5185161290322582 217
19463.544 0.6696011904762036 168
19576.401 0.7419868421052821 152
19689.425 0.6309832402234632 179
19805.147 0.6285054347826111 184
19934.796 0.7667159763313437 169
20047.464 0.554645320197048 203
20160.059 0.6049247311827937 186
20272.848 0.5445024154589525 207
20385.636 0.6831030303030274 165
20501.68 0.6336120218579285 183
20630.264 0.6490353535353445 198
20743.011 0.5748418367346839 196
20855.713 0.6121086956521772 184
20969.195 0.5324178403755814 213
21082.241 0.6139619565217443 184
21200.383 0.5993096446700615 197
21326.848 0.7181477272727286 176
21439.822 0.584968911917105 193
21552.964 0.6498045977011431 174
21665.872 0.6098972972972881 185
21778.991 0.657215116279076 172
21897.763 0.6821666666666674 174
22023.826 0.6737593582887819 187
22137.058 0.5546813725490317 204
22249.568 0.6498959537572294 173
22362.1 0.6145136612021765 183
22474.914 0.5608756218905512 201
22607.615 0.5667777777777786 234
22720.72 0.5434519230769254 208
22833.415 0.6087459459459579 185
22946.311 0.6796325301205008 166
23059.129 0.572289340101532 197
23172.86 0.7059378881987518 161
23304.885 0.7330888888888795 180
23417.402 0.6110869565217321 184
23530.173 0.666828402366861 169
23642.946 0.5193364055299535 217
23755.838 0.5937684210526257 190
23870.716 0.64859322033898 177
24001.568 0.769341176470591 170
24114.278 0.6121249999999868 184
24226.809 0.6013529411764778 187
24339.637 0.6443028571428606 175
24452.532 0.6521156069364098 173
24568.283 0.6725232558139481 172
24698.226 0.6945294117647081 187
24810.776 0.5407355769230855 208
24923.857 0.5512536585365924 205
25036.911 0.6207582417582371 182
25149.873 0.6450628571428492 175
25267.322 0.5459209302325563 215
25395.014 0.6898648648648649 185
25507.425 0.5176820276497675 217
25620.639 0.6538901734104022 173
25733.297 0.5685606060605913 198
25846.07 0.6956604938271612 162
25964.566 0.62988829787233 188
26090.517 0.6023014354067044 209
26203.348 0.5125136363636391 220
26316.046 0.6054946236559107 186
26428.825 0.6059247311828018 186
26541.819 0.6136793478260939 184
26674.306 0.8275687500000004 160
26786.786 0.5353190476190537 210
26899.837 0.6455828571428511 175
27012.234 0.6381818181818165 176
27125.199 0.6525260115606868 173
27238.566 0.5499611650485322 206
27371.034 0.7042234042553204 188
27483.663 0.5862187500000005 192
27596.395 0.5960582010581948 189
27709.385 0.6204010989010814 182
27822.745 0.5721262626262578 198
27938.351 0.6278804347826024 184
28068.799 0.6618071065989858 197
28181.754 0.6413465909090932 176
28294.296 0.650080924855491 173
28407.2 0.6033475935828927 187
28520.393 0.5188990825688027 218
28636.872 0.6431049723756808 181
28765.629 0.5452881355932285 236
28878.227 0.5711675126903576 197
28990.911 0.6509075144508669 173
29103.902 0.5351421800947737 211
29216.691 0.6404147727272712 176
29334.846 0.6596592178771036 179
29461.351 0.6321849999999904 200
29574.31 0.49077826086956877 230
29686.999 0.5716395939086355 197
29800.208 0.5311408450704131 213
29913.377 0.5858290155440347 193
30045.596 0.7682674418604641 172
30158.074 0.5378803827751257 209
30270.744 0.5894869109947672 191
30383.384 0.6905828220858815 163
30496.152 0.6707857142857089 168
30609.393 0.6217747252747279 182
30741.462 0.7212732240437081 183
30854.187 0.5897068062827321 191
30966.779 0.5952857142857048 189
31079.759 0.6005531914893544 188
31192.756 0.5351611374407663 211
31307.292 0.561068627450992 204
31437.961 0.7915333333333282 165
31550.211 0.6231722222222137 180
31663.061 0.6030588235294163 187
31776.195 0.5596881188118846 202
31889.059 0.6300893854748607 179
32004.964 0.6227311827957062 186
32134.237 0.7690654761904842 168
32246.93 0.599015957446817 188
32359.4 0.6175494505494519 182
32472.437 0.6381977401130111 177
32586.309 0.5805867346938872 196
32703.365 0.55970334928231 209
32831.63 0.62842647058822 204
32944.792 0.48326923076922707 234
33057.791 0.5760714285714092 196
33170.57 0.6514566473988295 173
33283.728 0.6317318435754288 179
33402.981 0.6969415204678556 171
33528.686 0.5926320754716935 212
33641.495 0.5526078431372726 204
33754.141 0.6084756756757113 185
33867.007 0.5754489795918392 196
33980.045 0.5537401960784123 204
34112.589 0.7121827956989266 186
34224.952 0.5175115207373071 217
34337.75 0.5608009950248644 201
34451.087 0.6122162162162272 185
34563.778 0.5189631336405436 217
34677.91 0.5160633484163027 221
34809.292 0.8006890243902556 164
34921.61 0.5845833333333227 192
35034.148 0.5888010471204344 191
35147.275 0.6245856353591321 181
35260.374 0.5651100000000224 200
35376.043 0.653062146892638 177
35505.411 0.7517267441860387 172
35618.154 0.5469029126213781 206
35731.034 0.5814432989690872 194
35843.834 0.5901727748691383 191
35956.759 0.6717023809523675 168
36073.241 0.5848693467336826 199
36201.536 0.6541785714285577 196
36313.973 0.6139836065573593 183
36426.705 0.6089297297297398 185
36540.113 0.5782193877550934 196
36652.938 0.6442628571428525 175
36770.314 0.6374945652173862 184
36897.445 0.6652356020942286 191
37009.905 0.5508774509803962 204
37123.328 0.5753451776649785 197
37236.407 0.6494367816091977 174
37349.683 0.6359382022471917 178
37469.132 0.628273684210504 190
37594.703 0.8045000000000027 156
37707.597 0.550326829268306 205
37820.445 0.5220833333333185 216
37933.471 0.5482864077669909 206
38046.724 0.5687085427135804 199
38179.061 0.7227377049180251 183
38292.29 0.5388809523809566 210
38405.009 0.5190737327188736 217
38518.095 0.6848969696969796 165
38631.289 0.6538439306358264 173
38744.599 0.6256022099447736 181
38876.724 0.6635929648241221 199
38989.677 0.6068548387096774 186
39102.079 0.6310337078651714 178
39215.153 0.5280046728971726 214
39328.278 0.5596485148514805 202
39443.558 0.6095343915343783 189
39573.903 0.7359887005649537 177
39686.795 0.5321132075471569 212
39799.509 0.51432420091322 219
39913.178 0.5623316831683186 202
40026.022 0.6793253012047975 166
40143.03 0.6320594594594424 185
40270.644 0.6932010869565167 184
40383.067 0.5399999999999986 208
40496.284 0.6050267379679113 187
40608.658 0.6170219780219918 182
40721.662 0.5377333333333288 210
40840.253 0.5809460784313677 204
40966.928 0.5807477064220312 218
41079.908 0.5402057416268216 209
41192.776 0.6162568306011008 183
41305.698 0.6756766467065635 167
41419.107 0.5151318181818417 220
41551.268 0.7257362637362378 182
41664.072 0.5781589743589836 195
41776.575 0.5948359788359739 189
41889.41 0.5269018691589021 214
42002.125 0.6188736263736375 182
42116.052 0.5151538461538551 221
42247.589 0.7469715909090734 176
42359.985 0.5426038647343147 207
42472.632 0.615131147540961 183
42585.447 0.6479080459769951 174
42698.42 0.5300187793427241 213
42814.015 0.6177379679144376 187
42943.687 0.6821157894736787 190
43056.502 0.4564251012145789 247
43169.126 0.5954761904761813 189
43282.442 0.5341462264151009 212
43395.347 0.6303128491620164 179
43512.772 0.6017897435897164 195
43640.358 0.6160144927536204 207
43753.08 0.6121956521739144 184
43865.89 0.5292582159624241 213
43978.571 0.6119673913043817 184
44091.219 0.6151256830601055 183
44210.055 0.6525329670329594 182
44335.323 0.676745945945928 185
44448.175 0.6195000000000189 182
44560.821 0.621922651933738 181
44673.469 0.6432571428571412 175
44786.774 0.6544739884392757 173
44906.848 0.7058764705882127 170
45032.38 0.6781999999999834 185
45144.978 0.571167512690376 197
45258.293 0.5748071065989898 197
45371.079 0.6227071823204372 181
45484.493 0.5724191919191917 198
45616.87 0.6485588235294321 204
45729.491 0.49362280701755307 228
45842.103 0.4850603448275847 232
45955.554 0.529785046728954 214
46068.479 0.5817010309278275 194
46184.462 0.7244125000000168 160
46313.899 0.7936625766871066 163
46426.572 0.5802989690721718 194
46539.141 0.543410628019345 207
46652.311 0.5626666666666915 201
46765.727 0.5782653061224312 196
46882.483 0.7727152317880814 151
47010.359 0.7987937499999589 160
47123.203 0.561034825870665 201
47235.766 0.5281079812206619 213
47349.095 0.6584418604651187 172
47461.848 0.5993404255319121 188
47579.14 0.7325937499999782 160
47706.603 0.6401758793970054 199
47819.383 0.5365476190476329 210
47932.569 0.621478021978044 182
48045.13 0.5858541666666497 192
48158.048 0.6234309392265213 181
48276.799 0.6899651162790643 172
48403.241 0.7800802469135777 162
48516.454 0.5628756218905423 201
48629.137 0.5834507772020713 193
48742.184 0.6645352941176337 170
48855.127 0.5909109947644052 191
48987.731 0.6560841584158528 202
49100.439 0.48976956521737913 230
49212.803 0.6644201183431753 169
49325.203 0.6976521739130442 161
49438.419 0.7206305732484258 157
49551.93 0.5907968749999858 192
49683.767 0.775094117647078 170
49796.262 0.5916894736842215 190
49908.642 0.6454022988505914 174
50021.751 0.6210549450549409 182
50134.465 0.5866406249999727 192
50250.05 0.6452905027933243 179
50380.162 0.6282125603864425 207
50492.722 0.49119213973799203 229
50605.523 0.6093135135135035 185
50718.207 0.6546860465116265 172
50831.646 0.6552658959537407 173
50948.366 0.6043626943005173 193
51076.432 0.6037688679245445 212
51188.952 0.6078108108108092 185
51301.9 0.5016533333333468 225
51414.849 0.6167923497267738 183
51527.768 0.6797831325301044 166
51645.861 0.5812807881773399 203
51773.177 0.5580701754386195 228
51885.941 0.5417644230769139 208
51999.071 0.6045454545454702 187
52112.198 0.5624477611940102 201
52224.839 0.6184945054944995 182
52357.267 0.6752551020408089 196
52469.577 0.5785979381443278 194
52582.157 0.6579122807017367 171
52695.136 0.5507414634146433 205
52808.047 0.6447885714285492 175
52921.385 0.6223021978022278 182
53053.637 0.6993544973544967 189
53166.575 0.5878229166666339 192
53279.406 0.5500195121951259 205
53392.434 0.5733654822335094 197
53505.482 0.585341968911943 193
53620.814 0.6403000000000045 180
53750.66 0.6866402116402194 189
53863.401 0.5716446700507685 197
53976.042 0.6395738636363769 176
54089.004 0.5759387755101949 196
54202.013 0.6171202185792201 183
54318.332 0.6054270833333627 192
54446.316 0.6593556701030973 194
54559.247 0.5757755102041134 196
54671.986 0.6089945945945785 185
54784.874 0.558475247524779 202
54897.706 0.6917239263803471 163
55014.575 0.6870176470588109 170
55142.022 0.6532358974358664 195
55254.647 0.5308867924528077 212
55367.882 0.6320446927374224 179
55480.764 0.652046242774588 173
55594.01 0.5744619289340187 197
55712.876 0.6154715025906738 193
55841.978 0.6920549450549736 182
55954.714 0.5097782805429867 221
56067.892 0.5770714285714273 196
56181.108 0.5166347031963637 219
56294.172 0.6312346368715185 179
56411.351 0.6653693181818364 176
56539.489 0.6371890547263899 201
56652.214 0.5006711111111023 225
56765.123 0.6164918032786847 183
56878.61 0.609725806451611 186
56991.866 0.5924345549738159 191
57107.433 0.6046910994764355 191
57237.292 0.6362499999999914 204
57350.118 0.5268691588785047 214
57462.758 0.5802422680412512 194
57575.581 0.5903298429319214 191
57688.723 0.5768826530612035 196
57802.801 0.5643910891088999 202
57934.37 0.7070107526881764 186
58047.13 0.5691262626262529 198
58160.104 0.6342865168539238 178
58272.622 0.6352881355932404 177
58385.779 0.6015053191489294 188
58498.703 0.5877552083333436 192
58618.167 0.6384545454545629 187
58743.965 0.6652539682539307 189
58856.945 0.5561871921182397 203
58970.028 0.5884791666666539 192
59082.62 0.8589160305343791 131
59195.661 0.6643823529411748 170
59312.633 0.6836140350877254 171
59440.903 0.6892634408602223 186
59553.525 0.5186543778801959 217
59666.904 0.5581477832512499 203
59780.277 0.6511609195402489 174
59893.476 0.5438846153846358 208
60009.021 0.5632585365853695 205
60139.257 0.634975609756089 205
60251.722 0.6314213483146274 178
