406.599 0.6344065040650406 246
592.199 0.37761934156378596 486
738.922 0.311375796178344 471
861.185 0.2949855072463766 414
979.924 0.4529236641221372 262
1096.427 0.4530272373540852 257
1226.637 0.5969908256880734 218
1337.388 0.49632735426008884 223
1448.57 0.6172555555555556 180
1577.224 0.710381215469613 181
1687.986 0.4919333333333341 225
1799.092 0.48697368421052717 228
1928.281 0.6724583333333326 192
2038.955 0.5117870370370362 216
2149.821 0.586190476190476 189
2265.416 0.648983146067417 178
2388.944 0.6235454545454545 198
2499.478 0.5550804020100515 199
2612.339 0.5474999999999993 206
2739.916 0.7006098901098899 182
2850.536 0.5583030303030296 198
2961.186 0.6009402173913061 184
3090.038 0.73588 175
3200.833 0.542725490196078 204
3311.865 0.6096703296703274 182
3441.18 0.6837936507936488 189
3552.33 0.5724639175257732 194
3663.191 0.5830631578947353 190
3778.68 0.5888418367346939 196
3902.642 0.7554451219512197 164
4013.431 0.5400682926829266 205
4125.645 0.5579004975124396 201
4254.127 0.6162019230769235 208
4365.115 0.5490643564356439 202
4476.081 0.5716030927835078 194
4604.869 0.7190893854748583 179
4715.423 0.6137888888888887 180
4826.04 0.646438596491229 171
4954.923 0.7077252747252725 182
5065.408 0.5439605911330048 203
5176.01 0.5756770833333368 192
5290.207 0.6558678160919545 174
5415.792 0.6034615384615406 208
5526.379 0.6038852459016367 183
5637.403 0.6891055900621113 161
5766.361 0.6542233502538051 197
5877.239 0.5893776595744674 188
5988.532 0.5853578947368413 190
6117.801 0.6835714285714318 189
6228.825 0.5258199052132674 211
6339.829 0.5718092783505133 194
6455.709 0.6732732558139528 172
6579.32 0.6208291457286436 199
6690.537 0.5788541666666683 192
6802.469 0.5649242424242448 198
6930.345 0.7518058823529453 170
7041.561 0.594331550802136 187
7152.066 0.552154999999998 200
7281.541 0.6919679144385034 187
7391.99 0.5718808290155419 193
7502.886 0.608890109890111 182
7620.084 0.5252062780269062 223
7742.618 0.6378541666666706 192
7854.093 0.5569849999999996 200
7967.411 0.5991640211640221 189
8093.723 0.6715159574468079 188
8204.28 0.569489690721653 194
8315.113 0.6290511363636349 176
8444.084 0.7365485714285751 175
8554.657 0.5091935483870921 217
8665.989 0.5885608465608433 189
8795.018 0.7453583815028908 173
8905.583 0.552445000000007 200
9016.194 0.736893333333331 150
9131.934 0.6087473684210445 190
9255.668 0.7494545454545446 165
9366.291 0.6316914285714198 175
9478.2 0.6077880434782638 184
9606.873 0.520672064777327 247
9717.654 0.6049617486338827 183
9828.351 0.6145777777777767 180
9957.583 0.7553099415204753 171
10068.369 0.5453694581280835 203
10179.265 0.5625431472081214 197
10296.252 0.6917692307692287 169
10418.687 0.6241989795918406 196
10529.512 0.579821989528801 191
10642.944 0.5502766990291261 206
10771.125 0.6245544554455439 202
10884.39 0.46770661157024584 242
10997.04 0.6360112994350312 177
11110.127 0.5330707547169832 212
11223.507 0.5500145631067955 206
11355.529 0.6499852216748774 203
11468.407 0.5640049999999974 200
11581.269 0.6300949720670406 179
11694.157 0.5697474747474722 198
11807.182 0.5975978835978831 189
11922.758 0.5322534562211972 217
12052.246 0.7149999999999948 181
12165.209 0.5348767772511867 211
12278.183 0.5880104166666721 192
12391.657 0.6956871165644112 163
12504.646 0.6272888888888903 180
12621.939 0.6370434782608715 184
12749.354 0.7580178571428556 168
12862.016 0.5335781990521286 211
12975.469 0.6405367231638418 177
13088.414 0.5479029126213611 206
13201.604 0.5544901960784313 204
13321.543 0.5498256880733907 218
13447.693 0.71230508474576 177
13560.486 0.6159289617486347 183
13673.319 0.6264277777777756 180
13786.711 0.5608861386138567 202
13900.374 0.5622772277227719 202
14031.815 0.7464431818181807 176
14144.625 0.5472378640776687 206
14257.529 0.5585643564356432 202
14370.587 0.5793692307692254 195
14483.345 0.7364705882352841 153
14599.325 0.5316788990825727 218
14728.244 0.6285365853658554 205
14841.092 0.5446714975845469 207
14954.096 0.518022935779817 218
15067.698 0.6487085714285682 175
15180.779 0.634848314606745 178
15298.518 0.6573407821229088 179
15426.216 0.6787499999999976 188
15539.332 0.5513951219512198 205
15652.526 0.5438365384615403 208
15765.587 0.5649200000000019 200
15878.805 0.6694733727810629 169
16011.044 0.7105430107526884 186
16123.879 0.5724365482233524 197
16236.642 0.5749234693877525 196
16349.895 0.5804051282051287 195
16462.863 0.59105235602095 191
16576.634 0.6212786885245875 183
16707.92 0.6660761421319641 197
16820.466 0.5767589743589783 195
16933.569 0.5980423280423219 189
17046.717 0.5798512820512816 195
17160.108 0.6260497237568988 181
17276.196 0.5918877551020326 196
17404.999 0.74412716763006 173
17517.845 0.5447826086956543 207
17630.754 0.5272523364486082 214
17744.112 0.6057807486631159 187
17857.066 0.6450057142857154 175
17975.003 0.5533427230046994 213
18101.895 0.6503641025641022 195
18215.52 0.5137963800904936 221
18328.64 0.576749999999989 196
18441.274 0.5987074468085144 188
18554.166 0.5346729857820025 211
18686.614 0.7786529411764872 170
18799.394 0.5607263681592137 201
18912.513 0.6209999999999847 182
19025.529 0.5821494845360726 194
19138.277 0.6294413407821131 179
19253.819 0.5716138613861403 202
19383.604 0.6686185567010285 194
19496.545 0.57288832487308 197
19609.349 0.6262722222222187 180
19722.769 0.5842371134020647 194
19836.203 0.5934869109947631 191
19953.044 0.5957295918367482 196
20080.63 0.6930543478260915 184
20193.522 0.6131358695652125 184
20306.869 0.5720707070707093 198
20419.803 0.5532107843137234 204
20532.961 0.6612865497075913 171
20651.773 0.6708248587570665 177
20778.263 0.6516597938144261 194
20891.403 0.5139318181818122 220
21004.651 0.526367441860473 215
21117.633 0.5850051813471642 193
21230.451 0.6479367816092058 174
21363.019 0.6864766839378321 193
21476.023 0.5064080717488794 223
21588.993 0.5879791666666657 192
21701.959 0.5506878048780469 205
21815.252 0.4943842794759823 229
21930.743 0.7037317073170748 164
22060.768 0.6733316062176236 193
22173.536 0.5662964824120568 199
22286.463 0.6067204301075191 186
22399.538 0.567824120603012 199
22513.035 0.6197814207650177 183
22630.231 0.5975459183673407 196
22758.073 0.5998967136150332 213
22871.069 0.47847457627117906 236
22984.368 0.5290747663551305 214
23097.119 0.5899214659685825 191
23210.308 0.5627462686567214 201
23329.322 0.6955321637426989 171
23455.828 0.6484102564102684 195
23568.614 0.5552266009852364 203
23681.285 0.6255222222222275 180
23794.013 0.6745568862275331 167
23907.393 0.5581428571428566 203
24039.57 0.8307987421383518 159
24152.821 0.5987566137566184 189
24265.416 0.5654120603015067 199
24378.365 0.641312500000016 176
24491.243 0.6130271739130362 184
24605.93 0.6741705882352963 170
24736.569 0.7174340659340677 182
24849.079 0.6461781609195477 174
24961.708 0.6184230769230763 182
25074.568 0.6371864406779618 177
25187.932 0.5900312500000003 192
25304.73 0.6669714285714352 175
25432.854 0.604061320754707 212
25545.706 0.503468749999992 224
25658.807 0.5679597989949812 199
25772.026 0.5311877934272302 213
25885.526 0.6130864864864978 185
26004.686 0.6883410404624414 173
26130.443 0.658062827225124 191
26243.268 0.5033437499999991 224
26356.377 0.5208801843317928 217
26469.414 0.6106054054054029 185
26582.668 0.6580058139534866 172
26715.248 0.7010793650793694 189
26828.181 0.5200829493087565 217
26940.933 0.670672619047634 168
27053.886 0.532438679245285 212
27166.891 0.5732284263959364 197
27282.639 0.5812613065326556 199
27412.676 0.7141153846153899 182
27525.44 0.5578613861386054 202
27638.044 0.5626400000000104 200
27750.818 0.6476781609195398 174
27864.26 0.5503058252427065 206
27981.26 0.5815920398009842 201
28109.251 0.7753090909090877 165
28221.908 0.5465048543689228 206
28334.819 0.7675782312925097 147
28447.664 0.6128750000000013 184
28560.922 0.5774438775510209 196
28680.217 0.5844019607843174 204
28806.154 0.5993761904761846 210
28919.254 0.5331367924528371 212
29032.324 0.5593712871287239 202
29145.307 0.5760510204081584 196
29258.837 0.6557976878612795 173
29391.202 0.7645780346820858 173
29503.769 0.571005076142138 197
29616.763 0.4704708333333353 240
29729.831 0.601021276595736 188
29842.701 0.6482356321839166 174
29957.989 0.5937216494845396 194
30088.372 0.6787343749999953 192
30201.344 0.5453864734299538 207
30314.265 0.5477815533980619 206
30427.249 0.6103027027026975 185
30540.813 0.6036436170212603 188
30657.563 0.5719411764705856 204
30785.761 0.607241706161123 211
30898.714 0.5177752293577982 218
31012.061 0.48821982758620613 232
31125.091 0.6206098901098952 182
31238.365 0.5957736842105269 190
31357.164 0.5848374384236531 203
31483.327 0.6567447916666728 192
31596.535 0.5684974874371921 199
31709.499 0.5759591836734643 196
31822.545 0.6764610778442953 167
31936.097 0.6200765027322512 183
32055.866 0.6724157303370917 178
32181.714 0.6798810810810726 185
32294.587 0.5696767676767599 198
32407.863 0.5289626168224314 214
32521.511 0.5884300518134669 193
32635.374 0.5342065727699533 213
32767.241 0.6936684210526437 190
32880.997 0.5362216981132251 212
32993.551 0.611260869565226 184
33106.436 0.6064838709677641 186
33219.622 0.6390225988700768 177
33335.359 0.6320163934426211 183
33465.133 0.736943181818209 176
33577.976 0.6162076502732419 183
33690.862 0.566864321608061 199
33804.548 0.5071785714285723 224
33917.893 0.7123899371068981 159
34035.31 0.5956142131979477 197
34163.294 0.6662239583333379 192
34276.213 0.5425000000000182 208
34389.419 0.6772754491018156 167
34503.098 0.5795255102040793 196
34616.221 0.7020993788819905 161
34735.198 0.6158186528497177 193
34860.938 0.6684627659574579 188
34973.82 0.5640250000000014 200
35087.155 0.6188852459016461 183
35200.049 0.6796024096385451 166
35313.216 0.6462114285714259 175
35446.023 0.6949162303664888 191
35558.716 0.557529702970293 202
35671.936 0.592366492146596 191
35784.599 0.6949629629629788 162
35897.437 0.6370621468926257 177
36013.125 0.5092907488986641 227
36143.237 0.6534572864321632 199
36256.095 0.5783538461538578 195
36369.559 0.6031063829787138 188
36483.372 0.577329949238599 197
36596.436 0.585435233160629 193
36713.199 0.6446740331491796 181
36840.929 0.7337068965516873 174
36953.848 0.5846735751295177 193
37066.918 0.6646470588235174 170
37180.086 0.6112972972973177 185
37293.572 0.5670300000000134 200
37412.076 0.7177272727272903 165
37538.915 0.6965274725274927 182
37652.096 0.5683467336683171 199
37765.171 0.5947157894736799 190
37878.375 0.6391242937853108 177
37991.583 0.6215989010989078 182
38111.534 0.6772372881355886 177
38237.4 0.7356491228070298 171
38350.298 0.5271962616822417 214
38463.653 0.5930732984293291 191
38576.805 0.5570147783251257 203
38690.083 0.6185901639344126 183
38822.605 0.6689191919192099 198
38935.648 0.5134818181818198 220
39048.426 0.5470728155339811 206
39161.384 0.6841151515151564 165
39274.72 0.6055401069518953 187
39390.794 0.5799799999999959 200
39520.141 0.6768429319371825 191
39633.183 0.5087522522522491 222
39746.004 0.5902356020942439 191
39859.098 0.5917068062827014 191
39971.9 0.6790602409638673 166
40090.007 0.6593687150837686 179
40217.171 0.661953125000006 192
40330.667 0.4909783549783754 231
40443.683 0.6380677966101392 177
40556.971 0.6581860465116205 172
40670.355 0.5127149321267193 221
40790.297 0.6210414507771873 193
40916.344 0.6959944751381135 181
41029.004 0.6254777777777942 180
41141.956 0.6341292134831461 178
41254.736 0.6477126436781465 174
41368.098 0.5869585492227762 193
41500.455 0.7515738636363742 176
41613.047 0.5922315789473559 190
41725.797 0.5778153846153798 195
41838.887 0.6313519553072763 179
41952.072 0.5310140845070411 213
42066.064 0.7255541401273671 157
42197.526 0.6197688679245094 212
42310.349 0.5293145539906046 213
42423.215 0.648206896551685 174
42536.721 0.6408248587570592 177
42649.756 0.5822680412371088 194
42766.332 0.5495188679245264 212
42895.396 0.7962654320987816 162
43008.426 0.5253488372092888 215
43121.404 0.5589207920792172 202
43234.879 0.6479771428571465 175
43348.207 0.5992116402116605 189
43465.913 0.600025510204098 196
43593.695 0.572704035874422 223
43707.268 0.6920304878048472 164
43820.271 0.5590594059405956 202
43933.152 0.5812371134020724 194
44046.493 0.5992751322751271 189
44166.057 0.6096224489795773 196
44291.601 0.7129261363636694 176
44404.379 0.640329545454568 176
44517.288 0.5529656862745113 204
44630.076 0.583989637305695 193
44743.569 0.5532439024390287 205
44876.17 0.7085935828876887 187
44988.874 0.5659547738693468 199
45101.636 0.6589941520467949 171
45214.123 0.7444304635761566 151
45327.044 0.6200164835164876 182
45442.049 0.6384666666666615 180
45572.46 0.7491034482758466 174
45685.105 0.6359887005649701 177
45797.573 0.6314157303370777 178
45910.389 0.578153846153873 195
46023.518 0.5652499999999782 200
46140.163 0.6897396449704076 169
46268.149 0.6804202127659277 188
46381.202 0.5066098654708283 223
46494.219 0.6453771428571365 175
46607.046 0.7003167701863593 161
46720.629 0.5703718592964865 199
46839.26 0.6048775510204293 196
46965.321 0.5943113207547456 212
47078.648 0.4945414847161572 229
47191.505 0.5695909090908838 198
47304.382 0.633702247191006 178
47417.252 0.5696666666666752 198
47549.985 0.7170486486486609 185
47663.183 0.5189174311926429 218
47776.422 0.5773571428571256 196
47889.635 0.6115513513513645 185
48002.708 0.6456971428571185 175
48118.763 0.5828040201004799 199
48248.469 0.7625705882352657 170
48361.415 0.5788205128205263 195
48474.582 0.5598415841584325 202
48587.89 0.636123595505595 178
48701.11 0.6984320987654361 162
48818.264 0.6504277777778043 180
48945.69 0.7277657142857372 175
49058.797 0.6210439560439497 182
49171.939 0.6351910112359466 178
49284.961 0.5378285714285864 210
49398.187 0.6083279569892345 186
49517.022 0.6985647058823173 170
49643.259 0.6819999999999906 185
49756.419 0.61793442622952 183
49869.483 0.5978253968254043 189
49982.362 0.5198110599078298 217
50096.218 0.6463693181818102 176
50215.84 0.660209944751379 181
50341.363 0.700860335195519 179
50454.112 0.5605522388059806 201
50567.1 0.6641705882352921 170
50680.167 0.5432115384615617 208
50794.068 0.5606995073891632 203
50925.51 0.6878219895288138 191
51038.548 0.5792871794871947 195
51151.941 0.575203045685291 197
51264.988 0.5914607329842791 191
51378.088 0.5331367924528371 212
51494.409 0.5930714285714203 196
51623.595 0.6724895833333449 192
51736.086 0.5677373737373934 198
51848.914 0.6479885057471264 174
51962.652 0.5950942408376988 191
52075.741 0.5707676767676891 198
52193.551 0.5916080402009846 199
52321.044 0.6706473684210658 190
52434.29 0.5863730569948096 193
52547.225 0.5643000000000029 200
52660.409 0.5490485436893173 206
52773.843 0.5997777777777787 189
52892.896 0.7081964285714223 168
53018.72 0.5795299539170582 217
53131.66 0.49071304347826694 230
53244.936 0.6619766081871576 171
53357.903 0.5973121693121684 189
53471.581 0.5596059113300421 203
53603.692 0.7376592178771213 179
53716.655 0.5672663316582844 199
53829.331 0.6086486486486408 185
53942.29 0.5788769230769294 195
54055.546 0.6218571428571422 182
54171.386 0.6730348837209021 172
54301.155 0.6175999999999823 210
54413.695 0.5982074468084899 188
54526.891 0.5572315270936069 203
54640.403 0.6408700564971814 177
54753.819 0.6227527472527492 182
54871.014 0.585590000000011 200
54998.881 0.6797819148936121 188
55111.638 0.5240883720930067 215
55225.228 0.5206192660550579 218
55338.42 0.49393013100436933 229
55451.597 0.6015851063829688 188
55571.049 0.5657582938388626 211
55696.653 0.6642063492063291 189
55809.911 0.5521073170731742 205
55923.038 0.5435096153846294 208
56035.872 0.5420913461538686 208
56149.88 0.670176470588237 170
56281.261 0.7097945945945842 185
56394.242 0.4973700440528565 227
56506.937 0.5630799999999726 200
56619.893 0.6679289940828247 169
56732.889 0.6308212290502865 179
56849.199 0.6317119565217423 184
56978.42 0.6657319587628961 194
57091.183 0.5578514851484864 202
57204.256 0.6383954802259841 177
57317.331 0.588401041666657 192
57430.27 0.6718154761904641 168
57548.091 0.600729591836746 196
57675.923 0.6293891625615924 203
57788.821 0.5424038461538797 208
57902.067 0.6019840425532048 188
58015.272 0.6615614035087743 171
58128.66 0.6225769230769291 182
58247.369 0.5961507537688352 199
58373.427 0.7411117647058906 170
58486.22 0.6591754385965182 171
58598.842 0.6083513513513419 185
58711.907 0.5978253968254043 189
58824.911 0.6204780219780403 182
58957.574 0.6467707317073336 205
59070.745 0.5653900000000067 200
59183.526 0.5635249999999723 200
59296.641 0.5737868020304572 197
59409.705 0.6042085561497379 187
59524.07 0.7054753086419545 162
59654.961 0.628961538461541 208
59767.708 0.5777897435897522 195
59880.683 0.5131681818181691 220
59993.799 0.6350674157303443 178
60106.84 0.6887743902438737 164
60223.085 0.6018963730569815 193
60352.387 0.6661494845360834 194
