410.17 0.6487560975609757 246
597.518 0.4999433962264152 371
725.186 0.34565040650406526 369
850.994 0.3483130193905817 361
970.531 0.4648249027237351 257
1101.31 0.5609613733905577 233
1211.864 0.44873983739837436 246
1322.261 0.4596624999999998 240
1437.858 0.656369318181818 176
1560.054 0.6861179775280907 178
1670.222 0.5887219251336893 187
1782.252 0.6663988095238091 168
1908.372 0.6398629441624372 197
2018.198 0.5460149253731345 201
2128.406 0.5562323232323233 198
2256.517 0.6958369565217373 184
2366.347 0.5433267326732694 202
2476.625 0.6055054945054957 182
2604.834 0.6189903381642505 207
2714.663 0.6097277777777789 180
2824.453 0.5866951871657753 187
2939.839 0.6514519774011287 177
3061.949 0.6423263157894732 190
3171.902 0.5693212435233156 193
3284.463 0.6180439560439581 182
3410.113 0.6825108695652168 184
3519.936 0.5104651162790698 215
3629.911 0.5413596059113309 203
3757.919 0.6990710382513652 183
3867.597 0.562066666666667 195
3977.611 0.5496799999999985 200
4105.939 0.7413468208092494 173
4216.043 0.5599438775510194 196
4325.949 0.5780368421052595 190
4454.1 0.646848484848485 198
4563.624 0.5916810810810824 185
4673.368 0.6854125000000011 160
4786.771 0.6027925531914884 188
4911.334 0.6224800000000005 200
5021.084 0.5007990867579917 219
5131.755 0.5790314136125668 191
5259.846 0.7575147928994055 169
5369.257 0.6108268156424567 179
5479.488 0.6441695906432763 171
5607.7 0.7627023809523811 168
5717.736 0.6073867403314912 181
5828.026 0.5770157068062829 191
5944.565 0.6932261904761877 168
6065.665 0.6686795580110494 181
6175.566 0.5780315789473686 190
6288.8 0.6083709677419363 186
6413.522 0.688690607734808 181
6523.508 0.6208248587570594 177
6633.82 0.5299807692307686 208
6761.823 0.5685733333333337 225
6871.734 0.5384019607843173 204
6981.825 0.5670824742268048 194
7110.059 0.7041703296703328 182
7219.877 0.5406108374384266 203
7330.419 0.5971135135135105 185
7458.945 0.6981086956521702 184
7568.613 0.5535252525252523 198
7678.829 0.659514970059881 167
7792.466 0.579397959183673 196
7916.185 0.6831546961326008 181
8026.05 0.6346069364161865 173
8136.504 0.6649397590361452 166
8264.121 0.6784521276595695 188
8373.884 0.5273365384615369 208
8483.773 0.5841276595744622 188
8611.885 0.7035000000000015 182
8721.857 0.5940270270270294 185
8831.756 0.6101333333333261 180
8959.881 0.8003124999999954 160
9069.878 0.5608571428571423 196
9179.781 0.593643243243246 185
9294.127 0.5713550000000032 200
9417.561 0.6527513227513173 189
9527.421 0.5598775510204121 196
9638.557 0.6102197802197874 182
9765.781 0.679978609625673 187
9875.798 0.508990740740745 216
9985.698 0.5574822335025408 197
10113.707 0.6560717948718006 195
10223.769 0.5819417989418042 189
10333.55 0.7170196078431355 153
10461.749 0.7858773006134967 163
10571.649 0.5084629629629608 216
10681.74 0.6111833333333279 180
10796.235 0.5636403940886693 203
10919.438 0.6618870967741978 186
11029.282 0.508166666666663 216
11140.967 0.584329842931937 191
11267.567 0.6624869109947636 191
11377.253 0.579947089947093 189
11487.271 0.5816931216931244 189
11615.209 0.6765079365079396 189
11725.069 0.653482142857142 168
11835.045 0.5694300518134696 193
11963.518 0.6550867346938819 196
12073.725 0.483021929824565 228
12183.629 0.506133640552996 217
12299.661 0.5740346534653462 202
12421.209 0.6104572864321688 199
12530.974 0.6770740740740722 162
12643.763 0.5870364583333393 192
12769.344 0.6403775510204042 196
12879.334 0.5877754010695223 187
12989.158 0.6380639534883685 172
13117.318 0.7236384180790899 177
13227.227 0.5519195979899514 199
13337.169 0.6350578034682068 173
13465.53 0.712688888888897 180
13575.493 0.5548434343434363 198
13685.582 0.6790740740740754 162
13801.444 0.7235124999999926 160
13923.223 0.6837696629213446 178
14032.972 0.5802698412698427 189
14145.703 0.6024278074866237 187
14271.186 0.5476637554585112 229
14381.132 0.5134158878504634 214
14490.932 0.6944556962025327 158
14618.875 0.6949347826086978 184
14728.854 0.5940594594594586 185
14838.774 0.6577365269461002 167
14966.846 0.6881505376344043 186
15076.624 0.5929783783783735 185
15186.586 0.7182026143790864 153
15302.059 0.6826686390532496 169
15424.3 0.7588509316770141 161
15534.155 0.5572487309644683 197
15646.331 0.6594235294117693 170
15772.594 0.7129887005649644 177
15882.415 0.5656752577319587 194
15992.499 0.5140607476635515 214
16120.891 0.782292682926831 164
16230.612 0.5958586956521685 184
16340.634 0.6505621301775131 169
16468.875 0.7365862068965474 174
16578.53 0.5562233502537933 197
16688.619 0.6011584699453487 183
16803.792 0.6576914285714364 175
16926.245 0.6341036269429937 193
17035.959 0.6264971428571361 175
17147.684 0.6134560439560508 182
17274.199 0.7805308641975304 162
17384.34 0.5530904522612999 199
17494.342 0.5816031746031686 189
17622.338 0.7480760233918038 171
17732.137 0.5103395348837123 215
17842.114 0.5814761904761971 189
17970.344 0.7041483516483652 182
18080.23 0.5436089108910945 202
18190.185 0.6104333333333367 180
18305.277 0.6648497109826392 173
18427.855 0.606480198019793 202
18537.726 0.6133687150837869 179
18649.914 0.5809067357513036 193
18775.895 0.8338675496688787 151
18886.391 0.5334154589372042 207
18996.14 0.6769999999999943 162
19124.429 0.7411040462427707 173
19234.136 0.648692307692291 169
19343.968 0.5776421052631601 190
19472.191 0.7861656441717818 163
19582.159 0.5814338624338604 189
19692.129 0.5467363184079613 201
19806.975 0.5681584158415843 202
19929.563 0.7041264367816094 174
20039.656 0.5553989898989764 198
20151.552 0.5947819148936144 188
20277.716 0.7005388888888976 180
20387.593 0.5630820512820486 195
20497.536 0.606988950276252 181
20625.692 0.8652297297297303 148
20735.35 0.6021153846153798 182
20845.087 0.6646181818181834 165
20973.748 0.6662383419689063 193
21083.606 0.6065469613259661 181
21194.131 0.6170223463687158 179
21309.279 0.6287431693988944 183
21432.773 0.6671189189189258 185
21542.574 0.56852849740932 193
21654.88 0.6099293478261011 184
21782.439 0.6909120879120835 182
21894.621 0.5238504672897166 214
22006.676 0.5862774869109915 191
22118.861 0.590036842105263 190
22231.52 0.6185824175824294 182
22349.866 0.6836242774566674 173
22474.605 0.6926166666666581 180
22586.422 0.6072771739130313 184
22698.66 0.6095760869565232 184
22810.866 0.6093913043478294 184
22923.231 0.567106060606062 198
23054.79 0.7031016042780726 187
23166.718 0.5592950000000019 200
23278.913 0.599556149732631 187
23391.065 0.7184294871794685 156
23503.427 0.6069297297297256 185
23617.245 0.5603054187192038 203
23748.106 0.688373684210532 190
23860.318 0.5496813725490117 204
23972.265 0.6356249999999942 176
24084.376 0.6055945945945939 185
24196.578 0.6093804347826098 184
24311.835 0.6896766467065837 167
24440.443 0.7262033898305111 177
24552.16 0.5638282828282778 198
24664.299 0.5717448979591738 196
24776.731 0.5350190476190446 210
24888.862 0.6630355029585792 169
25005.087 0.6211122994652463 187
25132.127 0.6254926108374492 203
25243.971 0.4967377777777761 225
25356.443 0.5763692307692299 195
25468.582 0.6367215909090812 176
25580.894 0.6034086021505397 186
25698.697 0.6468406593406514 182
25824.971 0.6116456310679602 206
25937.238 0.578283505154648 194
26049.074 0.6732349397590447 166
26161.243 0.612530054644793 183
26273.516 0.6799696969696952 165
26405.22 0.7435310734463252 177
26517.445 0.5551782178217853 202
26629.237 0.6494476744186148 172
26741.001 0.6531345029239854 171
26853.381 0.5759076923076907 195
26965.757 0.5614950000000135 200
27097.213 0.6703214285714183 196
27209.283 0.6221888888888821 180
27321.423 0.7675410958903964 146
27433.828 0.6071675675675726 185
27546.129 0.606616216216227 185
27659.599 0.674970238095219 168
27789.462 0.7726011904761825 168
27901.505 0.5598199999999998 200
28013.578 0.6020000000000084 186
28125.758 0.6404571428571528 175
28237.972 0.6161428571428716 182
28353.212 0.5967150259067413 193
28481.328 0.6434422110552859 199
28593.337 0.5230373831775714 214
28705.288 0.5301895734597109 211
28817.852 0.6857682926829289 164
28930.11 0.5999037433155118 187
29046.551 0.6464833333333243 180
29173.416 0.6339900000000125 200
29285.774 0.5450436893203994 206
29398.291 0.5980744680851166 188
29510.517 0.5692893401015302 197
29623.032 0.63884659090908 176
29741.537 0.6297925531914982 188
29866.652 0.801423076923059 156
29978.853 0.7051761006289282 159
30091.498 0.5714213197969529 197
30203.573 0.6871042944785251 163
30316.123 0.6816424242424325 165
30434.595 0.6964411764705908 170
30559.601 0.6246849999999904 200
30671.584 0.522915887850461 214
30783.595 0.6584352941176536 170
30896.05 0.5535862068965547 203
31008.577 0.6212596685082891 181
31140.063 0.7684795321637419 171
31252.133 0.5656363636363779 198
31364.102 0.6114207650273192 183
31476.446 0.5585323383084548 201
31588.805 0.6272793296089355 179
31702.673 0.6772142857142691 168
31832.824 0.6407881773399101 203
31944.914 0.5185694444444549 216
32057.05 0.5776185567010356 194
32169.505 0.5131415525114184 219
32281.993 0.5914157894736778 190
32397.747 0.657267045454546 176
32525.021 0.7395697674418718 172
32637.019 0.5568159203980194 201
32749.25 0.4792820512820437 234
32861.65 0.5672777777777773 198
32973.645 0.8110072463767711 138
33089.945 0.6351092896174784 183
33216.662 0.6736702127659265 188
33328.886 0.5074434389140127 221
33441.484 0.5711624365482245 197
33553.278 0.6896049382716071 162
33665.444 0.5718724489795894 196
33783.577 0.6415978260869373 184
33909.019 0.6813804347826273 184
34021.178 0.6261340782122979 179
34133.093 0.5794663212435209 193
34245.444 0.5757589743589797 195
34357.893 0.5762461538461279 195
34489.461 0.6231706161137507 211
34601.305 0.5533564356435565 202
34713.217 0.5563830845771081 201
34825.212 0.5567910447761237 201
34937.281 0.6053513513513796 185
35050.62 0.6122054054054142 185
35181.051 0.7046432432432256 185
35292.845 0.5848848167539443 191
35404.716 0.6614911242603626 169
35516.744 0.6433850574712674 174
35628.873 0.6259776536313012 179
35743.852 0.6015602094240893 191
35872.744 0.7277966101694899 177
35984.693 0.5736769230769148 195
36096.543 0.6460635838150303 173
36207.678 0.7659034482758403 145
36316.378 0.5005483870967685 217
36427.388 0.6232191011235801 178
36551.183 0.6248787878787632 198
36659.657 0.5393233830845884 201
36768.007 0.5155857142857193 210
36876.582 0.5563179487179672 195
36984.478 0.5956574585635678 181
37096.717 0.6676309523809323 168
37218.179 0.7140764705882141 170
37326.976 0.5080514018691842 214
37435.242 0.6637423312883132 163
37543.391 0.6175600000000226 175
37651.277 0.68234177215193 158
37764.503 0.6655882352940834 170
37885.416 0.6532270270269962 185
37993.503 0.6750687499999912 160
38101.614 0.5685894736842065 190
38209.652 0.5536615384615382 195
38317.632 0.6743999999999687 160
38444.11 0.7900187499999902 160
38552.109 0.5396149999999761 200
38660.466 0.6332105263158028 171
38768.66 0.5973259668508387 181
38876.523 0.6055337078651881 178
38984.64 0.6103898305084579 177
39111.574 0.689445652173914 184
39219.812 0.5354702970297073 202
39327.771 0.5960110497237804 181
39436.183 0.6155454545454301 176
39544.165 0.5449747474747416 198
39653.63 0.7544068965516937 145
39779.17 0.7294651162790742 172
39886.965 0.5729893617020974 188
39994.973 0.5563505154639211 194
40103.263 0.5578041237113399 194
40211.596 0.5667853403141425 191
40323.064 0.5514455445544546 202
40446.271 0.6803259668508445 181
40554.261 0.5710052910052817 189
40662.072 0.6300233918128464 171
40770.317 0.6718571428571534 161
40878.338 0.6064325842697021 178
40989.975 0.6163591160221078 181
41112.863 0.6298564102564108 195
41221.029 0.5811559139785009 186
41329.39 0.6015777777777759 180
41437.333 0.561817708333327 192
41546.006 0.6241149425287226 174
41658.696 0.5990159574468363 188
41780.148 0.597960591132998 203
41888.689 0.5291073170731557 205
41996.984 0.6182971428571286 175
42105.242 0.6252947976878582 173
42213.52 0.6113050847457269 177
42327.641 0.7500263157894791 152
42448.415 0.7142366863905225 169
42556.865 0.5673979057591602 191
42665.207 0.5698105263158045 190
42773.39 0.5659999999999987 191
42881.36 0.6309473684210516 171
43008.33 0.6896413043478273 184
43116.356 0.5681631578947417 190
43224.21 0.5889508196721226 183
43332.309 0.675137500000028 160
43440.225 0.5860869565217202 184
43548.687 0.6568727272727163 165
43675.004 0.631205000000009 200
43783.52 0.5476868686868458 198
43891.695 0.6394852071005721 169
43999.671 0.5801075268817283 186
44107.744 0.5654293193717055 191
44217.941 0.7104451612903147 155
44342.347 0.6442538860103645 193
44450.535 0.5274000000000275 205
44558.45 0.5446464646464471 198
44666.488 0.5652460732984269 191
44775.338 0.554964285714291 196
44886.174 0.6837160493827311 162
45009.661 0.6049999999999914 204
45117.492 0.6122954545454294 176
45225.622 0.5809301075268811 186
45333.953 0.6330643274853849 171
45442.235 0.522739130434793 207
45554.659 0.5674191919192019 198
45676.925 0.7406181818182107 165
45785.239 0.6256878612716692 173
45893.359 0.5871956521738827 184
46001.629 0.6112711864406764 177
46109.702 0.6279011627906753 172
46221.948 0.7579054054053936 148
46343.7 0.5935999999999739 205
46451.862 0.5719100529100548 189
46560.059 0.5460707070707224 198
46668.28 0.6041731843575263 179
46776.687 0.6605548780487702 164
46890.46 0.6890787878787678 165
47010.975 0.6962369942196562 173
47119.054 0.5774866310160319 187
47226.952 0.5644869109947406 191
47334.886 0.5676789473684039 190
47442.974 0.5838432432432357 185
47569.781 0.6963241758241745 182
47677.701 0.6782830188679344 159
47785.727 0.5564536082474097 194
47893.681 0.5863043478260728 184
48001.558 0.6737499999999728 160
48110.74 0.5400198019801746 202
48236.888 0.6566406249999849 192
48344.634 0.6223757225433226 173
48452.889 0.6111864406779678 177
48560.921 0.6313157894736944 171
48669.262 0.660146341463432 164
48779.017 0.6687743902438807 164
48903.775 0.7165804597701434 174
49011.628 0.6021340782122863 179
49119.752 0.6628527607361856 163
49227.595 0.6453113772455079 167
49335.71 0.6138579545454377 176
49446.626 0.5328846153845986 208
49570.649 0.6886333333333217 180
49678.732 0.5094952830188976 212
49786.603 0.6695403726708204 161
49894.697 0.6034581005586606 179
50003.059 0.5982707182320658 181
50114.244 0.5817225130889881 191
50237.629 0.6104801980198156 202
50345.819 0.5005555555555676 216
50453.968 0.7402397260274272 146
50561.891 0.6162742857143166 175
50669.813 0.5559123711340287 194
50782.575 0.7132025316455332 158
50904.426 0.6803687150837993 179
51012.898 0.5558923076922955 195
51120.985 0.7013701298701208 154
51228.963 0.6461197604790531 167
51337.563 0.6273005780346881 173
51451.862 0.5517004830917753 207
51572.598 0.6522594594594479 185
51680.707 0.5808333333333521 186
51788.745 0.596480662983444 181
51896.773 0.5593471502590565 193
52005.059 0.5278487804878174 205
52131.641 0.7028222222222312 180
52239.351 0.6854968152866217 157
52347.724 0.6259710982659256 173
52455.965 0.6802955974842391 159
52564.184 0.5461767676767862 198
52673.723 0.6756975308641735 162
52799.097 0.7880628930817819 159
52907.355 0.5724126984127064 189
53015.318 0.5162009569377923 209
53123.357 0.5652617801047318 191
53231.406 0.6665061728395184 162
53342.167 0.5795078534031493 191
53466.242 0.5905095238095133 210
53574.199 0.5678315789473632 190
53682.409 0.6360823529411659 170
53790.339 0.6783207547169987 159
53898.654 0.6292790697674676 172
54010.16 0.592718085106405 188
54132.999 0.6328556701031179 194
54241.189 0.6178228571428501 175
54349.41 0.5783208556149767 187
54457.943 0.5619533678756589 193
54565.948 0.5865760869565233 184
54678.643 0.5835284974093222 193
54800.137 0.7059825581395566 172
54908.647 0.531553921568618 204
55016.982 0.6081966292135139 178
55125.127 0.551367346938772 196
55233.191 0.6032737430167439 179
55347.137 0.6256538461538794 182
55467.986 0.6823898305084509 177
55575.961 0.6061741573033983 178
55684.163 0.6715900621118251 161
55792.199 0.6664259259259443 162
55899.854 0.6147371428571309 175
56026.242 0.7845465838509198 161
56134.129 0.5891639344262445 183
56242.075 0.6498192771084057 166
56350.011 0.5959171270718074 181
56457.907 0.5674842105263164 190
56567.085 0.5623865979381212 194
56692.875 0.625467661691529 201
56801.098 0.5752606382978597 188
56909.278 0.5459747474747249 198
57017.107 0.6452335329341367 167
57124.717 0.7265810810810788 148
57235.495 0.6473742690058534 171
57359.279 0.763685185185211 162
57467.49 0.5782299465240686 187
57575.304 0.591945054945037 182
57683.346 0.5068873239436474 213
57791.55 0.5247621359223417 206
57902.867 0.6824723926380057 163
58025.791 0.8082763157894748 152
58134.161 0.5918142076502914 183
58242.246 0.568473684210537 190
58350.286 0.6313684210526312 171
58458.191 0.6161771428571332 175
58570.544 0.6237722222222348 180
58692.37 0.691823863636397 176
58800.226 0.5527282051282012 195
58908.217 0.7494097222221777 144
59016.512 0.5384079601990107 201
59124.417 0.5735691489361613 188
59237.775 0.7452828947368624 152
59358.528 0.7057836257309853 171
59466.84 0.5579278350515338 194
59574.729 0.6056910112359658 178
59682.872 0.6471017964072225 167
59790.776 0.6091977401130019 177
59904.911 0.6132258064516004 186
60025.679 0.5720426540284059 211
60134.099 0.4858565022421749 223
60241.933 0.7136291390728103 151
