452.889 0.6560388692579505 283
625.866 0.3281467181467181 518
753.055 0.2739633620689653 464
874.783 0.34659544159544153 351
993.178 0.40659106529209615 291
1125.226 0.5343036437246966 247
1236.741 0.502013513513513 222
1347.701 0.5086376146788992 218
1464.018 0.6249623655913975 186
1586.547 0.6122950000000003 200
1697.018 0.5307548076923074 208
1809.588 0.5828704663212431 193
1936.521 0.6748191489361701 188
2047.071 0.5235639810426539 211
2157.772 0.5051506849315065 219
2286.229 0.6516751269035516 197
2396.534 0.5511350000000016 200
2507.105 0.5443103448275857 203
2635.871 0.8522715231788094 151
2746.497 0.5166121495327095 214
2857.114 0.5289138755980867 209
2971.267 0.567562189054726 201
3095.809 0.5984471153846169 208
3206.011 0.539828431372549 204
3317.417 0.5014774774774774 222
3445.358 0.7348908045977017 174
3556.259 0.5060410958904104 219
3667.504 0.5170604651162797 215
3796.607 0.6114834123222755 211
3906.595 0.563651282051281 195
4017.074 0.5967891891891889 185
4133.201 0.6239301075268814 186
4255.749 0.7638374999999996 160
4366.3 0.6498470588235303 170
4478.512 0.5339761904761872 210
4605.707 0.6726507936507953 189
4716.255 0.5496119402985062 201
4826.854 0.6039508196721319 183
4955.285 0.7014043715846993 183
5065.559 0.5401862745098055 204
5176.359 0.5125185185185215 216
5305.319 0.6818994708994752 189
5415.541 0.5649230769230762 195
5526.228 0.6011413043478243 184
5640.084 0.571758793969848 199
5765.66 0.6896208791208764 182
5876.175 0.5812473684210521 190
5986.775 0.6352011494252853 174
6115.375 0.6557397959183655 196
6225.757 0.5715440414507772 193
6336.362 0.5817315789473708 190
6465.36 0.7162222222222226 180
6575.738 0.4946502242152498 223
6686.277 0.5043972602739714 219
6800.313 0.5064844444444437 225
6925.642 0.6770972972972968 185
7036.115 0.6099226519337002 181
7146.578 0.6065164835164858 182
7274.844 0.7722469879518085 166
7385.612 0.45365573770491807 244
7496.411 0.5173925233644848 214
7625.696 0.627228155339805 206
7736.536 0.4836855895196512 229
7847.011 0.578005235602096 191
7962.213 0.5430518867924504 212
8086.782 0.59285238095238 210
8197.211 0.5180938967136121 213
8308.427 0.5395145631067932 206
8436.278 0.7021098901098882 182
8546.456 0.5560656565656594 198
8656.883 0.623333333333333 177
8785.744 0.6923924731182788 186
8896.197 0.5332173913043489 207
9006.88 0.6144777777777765 180
9123.261 0.5995154639175283 194
9245.445 0.6938352272727261 176
9356.015 0.5416323529411695 204
9469.349 0.6546705202312127 173
9595.59 0.6095458937198043 207
9705.934 0.5250857142857144 210
9816.539 0.56391836734694 196
9945.205 0.6494393939393936 198
10055.643 0.5255380952380923 210
10166.126 0.606631868131874 182
10283.566 0.7017125748503085 167
10411.359 0.7297600000000031 175
10524.195 0.5609701492537273 201
10637.121 0.5728274111675115 197
10749.773 0.5140365296803594 219
10862.863 0.5678994974874312 199
10982.521 0.5833219512195128 205
11108.717 0.6854836956521784 184
11221.023 0.5938095238095215 189
11333.721 0.5687828282828221 198
11446.54 0.6061344086021505 186
11559.935 0.5554950980392153 204
11692.405 0.6789538461538495 195
11805.034 0.48723809523809386 231
11917.644 0.5023705357142896 224
12030.121 0.550980392156861 204
12143.157 0.5510097560975538 205
12258.818 0.6921257485029888 167
12388.301 0.6740468749999972 192
12500.918 0.5210092592592614 216
12613.56 0.5411730769230784 208
12726.683 0.5827061855670107 194
12839.277 0.5740714285714287 196
12956.972 0.5822673267326752 202
13083.861 0.6503589743589822 195
13196.904 0.5404976076555021 209
13309.798 0.5937684210526354 190
13422.579 0.659087719298244 171
13535.408 0.6161420765027268 183
13654.836 0.6667653631284847 179
13780.406 0.6092281553398068 206
13892.915 0.5110454545454559 220
14006.095 0.5490436893203843 206
14119.155 0.5380095238095237 210
14232.818 0.6275635359116019 181
14364.114 0.6189716981132064 212
14476.787 0.5774153846153823 195
14589.058 0.6841036585365922 164
14701.842 0.5471165048543696 206
14814.65 0.6028395721925122 187
14931.043 0.5758366336633639 202
15059.58 0.7469069767441905 172
15172.04 0.6009732620320932 187
15284.946 0.5876458333333309 192
15397.933 0.581871134020627 194
15511.032 0.5795897435897365 195
15628.644 0.6185368421052676 190
15755.077 0.7220571428571357 175
15867.843 0.49209606986899784 229
15980.529 0.5687323232323251 198
16093.115 0.5711116751269036 197
16206.201 0.5947789473684201 190
16338.821 0.67280203045685 197
16451.323 0.5254252336448632 214
16564.042 0.549468292682925 205
16676.745 0.6087783783783772 185
16789.466 0.6626058823529414 170
16903.568 0.5589411764705765 204
17034.656 0.6360145631067973 206
17147.274 0.4851034482758693 232
17260.058 0.4837296137339166 233
17373.294 0.5263162790697818 215
17486.699 0.5174794520548006 219
17603.487 0.595474489795917 196
17731.614 0.7622619047619126 168
17843.988 0.5398942307692428 208
17956.809 0.6029037433155199 187
18069.297 0.5327488151658761 211
18182.213 0.5757040816326517 196
18301.54 0.596255000000001 200
18427.575 0.707679775280902 178
18540.216 0.5309716981132023 212
18653.044 0.5965608465608465 189
18765.77 0.6189505494505563 182
18878.574 0.7001552795031192 161
19010.645 0.7173532608695773 184
19123.079 0.5350857142857248 210
19235.354 0.609788043478266 184
19347.989 0.6253222222222272 180
19460.597 0.525827102803747 214
19575.164 0.6579942528735736 174
19706.251 0.6094046511627946 215
19818.883 0.51868202764977 217
19931.864 0.5617313432835974 201
20044.539 0.6119510869565324 184
20157.956 0.6261933701657277 181
20274.75 0.5749605911330077 203
20402.187 0.7362543352601331 173
20515 0.5147762557077662 219
20628.036 0.52785981308411 214
20741.062 0.5646650000000045 200
20853.862 0.575081632653063 196
20972.848 0.5716778846154005 208
21098.853 0.5803548387096685 217
21211.407 0.48692640692640504 231
21324.015 0.5741377551020359 196
21436.598 0.5569554455445594 202
21550.006 0.5582758620689742 203
21681.355 0.7252983425414289 181
21794.059 0.5603283582089562 201
21906.557 0.5948148148148248 189
22019.284 0.568949494949486 198
22132.22 0.5200921658986202 217
22248.262 0.5946923076923084 195
22377.499 0.589808219178089 219
22489.964 0.5563663366336564 202
22602.556 0.5542561576354641 203
22715.857 0.6022659574468019 188
22828.696 0.555472906403934 203
22946.429 0.6291657754010622 187
23073.264 0.6212941176470528 204
23186.409 0.59508421052631 190
23299.263 0.6632882352941071 170
23412.165 0.6484252873563272 174
23525.247 0.5765561224489848 196
23643.997 0.5933549999999923 200
23769.895 0.613804878048789 205
23882.554 0.5714771573603975 197
23995.213 0.639681818181812 176
24107.944 0.5960687830687791 189
24221.054 0.5708787878787861 198
24353.067 0.6943894736841972 190
24465.648 0.5022544642857188 224
24578.39 0.5867968750000045 192
24691.454 0.6008723404255316 188
24804.201 0.6057526881720532 186
24919.657 0.6072473684210548 190
25049.57 0.6333902439024447 205
25162.303 0.5468689320388292 206
25274.862 0.5381866028708123 209
25387.753 0.5669095477387052 199
25500.772 0.5821752577319541 194
25618.167 0.611026041666681 192
25745.282 0.6582746113989568 193
25857.867 0.5624549999999908 200
25970.728 0.5667386934673319 199
26083.514 0.5692424242424199 198
26196.703 0.5984761904761957 189
26316.166 0.6283421052631686 190
26441.81 0.6216683168316888 202
26554.114 0.5906631578947494 190
26667.094 0.5911099476439888 191
26780.169 0.5512146341463582 205
26893.453 0.6053850267379794 187
27025.113 0.7190655737704915 183
27137.32 0.5691776649746224 197
27249.995 0.5715583756345073 197
27363.024 0.548310679611656 206
27475.76 0.5898481675392673 191
27591.868 0.6171861702127609 188
27720.224 0.6545255102040644 196
27832.721 0.5378995215311105 209
27945.126 0.6039032258064566 186
28058.243 0.627994444444428 180
28171.505 0.5521170731707371 205
28288.823 0.5951319796954406 197
28415.418 0.6730106382978812 188
28528.412 0.5251953488372153 215
28641.153 0.4963215859030715 227
28754.194 0.585305699481865 193
28867.189 0.637937853107329 177
28987.011 0.6335820105820074 189
29112.98 0.5855906976744103 215
29225.8 0.6029037433155003 187
29338.619 0.6127228260869465 184
29451.16 0.6354067796610201 177
29564.667 0.6164565217391298 184
29696.321 0.6889214659685807 191
29808.857 0.5329857819905172 211
29921.566 0.5439855072463747 207
30034.124 0.5486829268292661 205
30147.15 0.588270833333335 192
30262.723 0.6381049723757073 181
30392.18 0.6311707317073142 205
30504.723 0.5355523809523827 210
30617.708 0.5973968253968225 189
30730.856 0.5858652849740938 193
30843.915 0.5823969072164978 194
30961.7 0.6195157894736966 190
31088.719 0.7091005586592184 179
31201.957 0.5574137931034425 203
31314.371 0.6686726190476163 168
31426.928 0.6283743016759741 179
31539.65 0.5263831775700964 214
31671.841 0.6739438775510243 196
31784.43 0.5860833333333441 192
31897.338 0.5698535353535268 198
32010.093 0.5496439024390228 205
32123.094 0.6721547619047756 168
32236.661 0.623576923076933 182
32368.5 0.7008936170212767 188
32481.315 0.503294642857132 224
32593.894 0.5257056074766364 214
32706.626 0.5097511312217142 221
32819.892 0.5834639175257685 194
32935.571 0.6643908045977392 174
33064.51 0.6050281690140806 213
33176.756 0.5751794871795051 195
33289.419 0.5657437185929584 199
33402.91 0.5699045226130656 199
33515.975 0.5854300518134589 193
33633.693 0.5852686567164321 201
33759.993 0.6343216080402171 199
33872.772 0.4878744588744611 231
33985.31 0.6615294117647007 170
34098.576 0.625337016574594 181
34211.38 0.6332977528089829 178
34343.313 0.7325166666666821 180
34455.798 0.548380487804903 205
34568.372 0.4955726872246811 227
34680.713 0.6378295454545547 176
34793.265 0.5919631578947271 190
34908.301 0.6494802259886934 177
35038.141 0.6830157894736897 190
35150.61 0.5455825242718418 206
35263.379 0.519317972350243 217
35376.208 0.542076923076925 208
35488.978 0.5994042553191592 188
35605.781 0.5480046948357081 213
35733.218 0.677500000000014 188
35845.637 0.5299103773584922 212
35958.621 0.6037700534759296 187
36071.467 0.5783025641025653 195
36184.524 0.6311675977653596 179
36303.965 0.5908118811881056 202
36429.675 0.7478154761904859 168
36542.007 0.4880565217391173 230
36654.807 0.6159617486338673 183
36767.424 0.5741785714285563 196
36880.627 0.5545343137254902 204
37012.069 0.7258066298342898 181
37124.681 0.551637254901959 204
37237.298 0.5463009708737887 206
37349.947 0.6052096774193717 186
37462.973 0.6105243243243249 185
37579.162 0.5636650485436794 206
37708.033 0.6283073170731701 205
37820.471 0.5250373831775709 214
37933.336 0.5783897435897439 195
38046.029 0.6153879781420863 183
38159.003 0.668017751479271 169
38277.216 0.6152968750000127 192
38402.99 0.7142215909090985 176
38515.275 0.5695939086294372 197
38627.56 0.6303820224719029 178
38740.303 0.6089837837837655 185
38853.678 0.609112903225797 186
38985.236 0.6812642487046463 193
39097.819 0.4891608695652394 230
39210.453 0.5163073394495427 218
39322.885 0.6645621301775237 169
39435.423 0.553990147783247 203
39551.141 0.5900000000000342 196
39680.271 0.6756963350785197 191
39792.959 0.509552036199115 221
39905.97 0.5975132275132291 189
40019.056 0.567864321608027 199
40132.407 0.5148818181818073 220
40250.459 0.6780057471264679 174
40377.138 0.695510989010982 182
40489.95 0.49881415929201917 226
40602.569 0.6358192090395529 177
40715.077 0.5538522167487719 203
40827.99 0.5558472906403918 203
40959.993 0.7899580838323503 167
41072.383 0.5943174603174652 189
41184.757 0.6169945054944936 182
41297.305 0.5950687830687871 189
41410.024 0.6223204419889471 181
41525.656 0.6080842105263161 190
41655.671 0.6838842105263259 190
41768.204 0.5406394230769295 208
41880.657 0.5016696428571257 224
41993.488 0.5581782178217842 202
42106.647 0.5436490384615283 208
42223.701 0.625545454545449 187
42351.557 0.6085190476190682 210
42464.089 0.5380622009569461 209
42577.135 0.5353838862559258 211
42689.841 0.557549504950495 202
42802.66 0.5499560975609844 205
42921.843 0.713209580838322 167
43047.602 0.7021675977653739 179
43160.412 0.5810876288659782 194
43273.234 0.48806493506491316 231
43385.975 0.5469077669902935 206
43499.971 0.6293701657458423 181
43630.838 0.6380439024390553 205
43743.188 0.5271032863849815 213
43855.72 0.545893203883485 206
43968.487 0.5417740384615312 208
44081.475 0.610318918918917 185
44198.647 0.5274504504504384 222
44326.067 0.6497551020408481 196
44438.595 0.5432318840579735 207
44551.65 0.5882916666666915 192
44664.23 0.543487922705316 207
44777.35 0.5382761904761927 210
44896.476 0.623298429319387 191
45022.271 0.7063314606741514 178
45134.848 0.6392102272727077 176
45247.557 0.625738888888898 180
45360.264 0.5688333333333374 198
45473.721 0.5612871287128584 202
45604.885 0.7757041420118616 169
45717.357 0.5179447004608305 217
45829.855 0.5483951219512297 205
45942.575 0.6364011299434824 177
46055.744 0.5359952606635127 211
46172.202 0.5999072164948339 194
46300.497 0.6443517587939819 199
46412.836 0.5846875000000106 192
46526.368 0.5788469387755366 196
46639.021 0.5987234042553068 188
46752 0.5617014925373227 201
46870.523 0.6266984126984315 189
46996.771 0.6372777777777987 198
47109.282 0.5303396226415127 212
47222.225 0.5505609756097462 205
47334.997 0.5169403669725072 218
47447.754 0.6628352941176512 170
47579.68 0.7165706521739238 184
47692.236 0.608010810810791 185
47804.8 0.5513921568627648 204
47917.734 0.5728730964466994 197
48030.599 0.587432291666687 192
48145.435 0.6375611111111034 180
48275.167 0.6718393782383465 193
48387.687 0.5622199999999793 200
48500.181 0.6011550802138901 187
48612.687 0.5948677248677264 189
48725.835 0.5798512820512629 195
48842.147 0.683717647058802 170
48969.748 0.6441161616161425 198
49082.112 0.5909789473684214 190
49195.054 0.5847927461139791 193
49308.021 0.6102432432432653 185
49420.861 0.6264555555555287 180
49539.117 0.612326424870448 193
49665.362 0.6894972677595622 183
49778.5 0.5186238532109985 218
49891.263 0.5930736842105321 190
50003.494 0.6408857142857076 175
50116.361 0.5611492537313305 201
50248.152 0.7119567567567543 185
50360.836 0.6054193548387106 186
50473.713 0.529577464788746 213
50586.222 0.646149425287358 174
50698.914 0.5895968586387307 191
50814.813 0.5437699530516618 213
50943.921 0.6720885416666912 192
51056.366 0.5250794392523288 214
51168.991 0.5359380952380889 210
51282.238 0.6019680851063737 188
51395.021 0.6789457831325406 166
51512.384 0.6779653179190779 173
51639.376 0.6542422680412125 194
51751.845 0.5646934673367007 199
51864.942 0.5917068062827395 191
51977.63 0.5237627906976593 215
52090.828 0.646400000000015 175
52210.05 0.6887052023121424 173
52335.616 0.6502538860103805 193
52448.228 0.4914192139738144 229
52560.913 0.5630299999999988 200
52673.653 0.5867812499999824 192
52787.284 0.6719112426035496 169
52918.367 0.7360449438202021 178
53030.793 0.5821139896372961 193
53143.562 0.5551280788177285 203
53256.358 0.5932631578947429 190
53369.146 0.5870364583333488 192
53485.033 0.6226236559140029 186
53614.208 0.7294180790960245 177
53726.696 0.576466666666667 195
53839.363 0.6782650602409452 166
53952.309 0.6341067415730292 178
54065.159 0.5695555555555415 198
54182.59 0.670594285714282 175
54309.387 0.70404444444446 180
54421.713 0.5876910994764578 191
54534.747 0.5537058823529686 204
54647.339 0.7076603773584679 159
54760.327 0.579020512820511 195
54879.873 0.5505299539170346 217
55005.652 0.6906978021978141 182
55117.941 0.5610499999999956 200
55230.282 0.6565029239766225 171
55342.916 0.6184285714285519 182
55455.536 0.6050806451612809 186
55588.133 0.6761275510204114 196
55700.732 0.56545226130654 199
55813.293 0.5460339805825252 206
55926.417 0.6386836158192015 177
56039.112 0.5832642487046618 193
56154.109 0.5774874371859209 199
56284.757 0.6628477157360321 197
56397.78 0.5456280193236701 207
56510.344 0.6180494505494537 182
56623.181 0.5723756345177379 197
56736.631 0.5477053140096618 207
56853.196 0.6130842105263391 190
56980.844 0.6970874316939643 183
57093.306 0.5792628865979402 194
57206.042 0.6474540229885014 174
57318.731 0.6866646341463265 164
57431.773 0.5254279069767637 215
57549.736 0.6014489795918275 196
57676.367 0.5675426008968524 223
57789.228 0.5012622222222207 225
57902.037 0.5902146596858626 191
58014.827 0.6957530864197502 162
58127.758 0.5971269841270033 189
58259.973 0.6322344497607424 209
58372.369 0.5479658536585303 205
58484.958 0.562554999999993 200
58597.966 0.5086981981981841 222
58710.723 0.6551104651162585 172
58824.208 0.6790958083832315 167
58955.684 0.6773453608247363 194
59068.187 0.5884816753926778 191
59180.995 0.5751479591836702 196
59293.573 0.5890052356020943 191
59406.635 0.5511365853658545 205
59523.108 0.5819900000000052 200
59651.214 0.6703717277486777 191
59763.843 0.5385406698564608 209
59876.394 0.6501387283237109 173
59989.805 0.5933560209423996 191
60102.687 0.6445885714285707 175
60220.29 0.6027128205128321 195
60347.449 0.7388953488372313 172
