408.24 0.6383795918367348 245
590.054 0.4608948717948717 390
733.777 0.38411229946524067 374
856.969 0.3869245283018869 318
973.135 0.4331716417910449 268
1103.737 0.5801200000000002 225
1215.894 0.4848354978354981 231
1327.365 0.632931818181818 176
1444.622 0.6812965116279069 172
1567.968 0.6964971751412428 177
1679.31 0.5825445026178002 191
1793.005 0.6644502923976614 171
1920.473 0.7077777777777771 180
2031.807 0.5348990384615385 208
2143.492 0.600048387096775 186
2273.38 0.7915548780487808 164
2384.727 0.5918723404255316 188
2496.502 0.6275280898876394 178
2626.318 0.8058385093167717 161
2737.823 0.5927127659574459 188
2849.387 0.6026324324324329 185
2966.393 0.664380681818182 176
3090.523 0.7212674418604651 172
3202.006 0.5832722513088991 191
3315.531 0.5644129353233837 201
3443.517 0.7268181818181797 176
3554.737 0.5758756476683949 193
3666.392 0.6973562499999986 160
3795.973 0.719461111111112 180
3907.251 0.5978494623655929 186
4020.705 0.6624561403508757 171
4134.985 0.6139838709677397 186
4268.389 0.8263913043478259 161
4381.754 0.6401129943502835 177
4495.021 0.6859939393939357 165
4608.721 0.5917916666666656 192
4722.534 0.6462102272727231 176
4837.233 0.6096861702127665 188
4970.084 0.8146134969325163 163
5083.515 0.6477485714285753 175
5196.967 0.622873626373623 182
5310.675 0.6492799999999989 175
5424.296 0.705236024844724 161
5540.462 0.6274972972972997 185
5671.494 0.8034478527607334 163
5784.868 0.6329608938547496 179
5898.236 0.6586569767441847 172
6011.864 0.6718816568047324 169
6125.681 0.6935304878048755 164
6242.017 0.7500709677419324 155
6371.765 0.7718988095238101 168
6485.154 0.5840824742268083 194
6598.508 0.7169303797468332 158
6712.244 0.7015864197530818 162
6826.369 0.6066276595744647 188
6943.43 0.5999128205128214 195
7072.626 0.5950645161290318 217
7186.071 0.5083811659192811 223
7299.712 0.5566813725490201 204
7413.314 0.7095250000000022 160
7527.172 0.6286187845303853 181
7645.861 0.6553204419889519 181
7773.321 0.8062658227848122 158
7887.083 0.5655920398009915 201
8000.86 0.5742525252525218 198
8114.734 0.6118118279569918 186
8228.642 0.5635099009900977 202
8348.731 0.7018245614035125 171
8474.762 0.7281040462427824 173
8588.182 0.5175342465753431 219
8701.713 0.5672850000000017 200
8815.412 0.6242912087912144 182
8929.5 0.5938125000000033 192
9062.617 0.7230706521739134 184
9176.035 0.5934031413612573 191
9289.411 0.5294205607476649 214
9403.16 0.638595505617978 178
9516.635 0.593706806282728 191
9632.76 0.648312849162015 179
9763.38 0.7095380434782526 184
9876.545 0.6574883720930217 172
9990.135 0.6306222222222257 180
10103.782 0.600878306878301 189
10217.837 0.6439491525423693 177
10335.295 0.5588761904761884 210
10463.992 0.74782558139535 172
10576.976 0.553465686274515 204
10690.842 0.6217923497267785 183
10804.317 0.7766917808219111 146
10918.113 0.6424745762711804 177
11036.763 0.6814540229885075 174
11164.508 0.6514030612244861 196
11278.138 0.6205027322404454 183
11391.574 0.6368426966292144 178
11505.486 0.5525970873786453 206
11619.356 0.574707070707068 198
11739.852 0.6690000000000004 180
11866.217 0.6789999999999993 186
11979.235 0.5646950000000015 200
12092.739 0.5643134328358193 201
12206.435 0.5652686567164118 201
12320.902 0.524720183486235 218
12453.323 0.6650904522613115 199
12566.786 0.5641044776119414 201
12680.101 0.5806974358974399 195
12793.746 0.620584699453547 183
12907.563 0.6851746987951782 166
13024.195 0.6475555555555528 180
13153.399 0.8551986754966902 151
13266.828 0.5502475728155279 206
13380.343 0.640881355932212 177
13494.328 0.5932708333333304 192
13608.274 0.4804599156118092 237
13726.911 0.564561904761909 210
13854.386 0.6848548387096765 186
13968.435 0.43996138996138573 259
14081.945 0.6672411764705911 170
14195.575 0.6488628571428645 175
14309.188 0.6378426966292138 178
14428.961 0.6649444444444371 180
14555.481 0.6518092783505108 194
14668.618 0.6351741573033691 178
14782.238 0.617070652173909 184
14895.818 0.6878969696969623 165
15009.601 0.6808622754491002 167
15142.822 0.634009523809523 210
15256.179 0.6258784530386721 181
15369.496 0.6434090909090897 176
15483.011 0.5905364583333323 192
15596.72 0.5437129186602804 209
15712.518 0.5728861386138612 202
15843.321 0.7144207650273201 183
15956.587 0.5926125654450278 191
16070.137 0.5909999999999987 192
16183.846 0.5949371727748681 191
16298.007 0.6831497005987984 167
16414.975 0.763999999999987 153
16544.04 0.6683886010362684 193
16657.936 0.5221146788990821 218
16771.775 0.5688100000000123 200
16885.407 0.5976842105263035 190
16999.302 0.5807040816326495 196
17118.23 0.6602999999999964 180
17245.816 0.6641510416666657 192
17359.656 0.58042346938775 196
17473.378 0.5828102564102617 195
17586.902 0.5533999999999828 205
17700.843 0.6022380952380969 189
17834.088 0.739827777777767 180
17947.679 0.52316589861752 217
18061.154 0.5670099999999911 200
18174.853 0.5887098445595813 193
18288.799 0.5637029702970227 202
18404.318 0.5801105527638145 199
18536.047 0.6683451776649596 197
18649.622 0.5379146919431279 211
18763.297 0.6311055555555464 180
18876.866 0.6715739644970581 169
18990.633 0.6974846625767014 163
19107.317 0.6372021857923507 183
19237.189 0.6796230366492003 191
19350.692 0.5506165048543674 206
19464.202 0.6408644067796662 177
19577.832 0.7186582278480941 158
19691.736 0.6430960451977477 177
19809.294 0.691070588235294 170
19937.813 0.7019234972677458 183
20051.216 0.5871813471502639 193
20164.822 0.641423728813555 177
20278.608 0.6424293785310685 177
20392.076 0.6709467455621267 169
20511.874 0.7041411764705973 170
20638.553 0.6806827956989245 186
20751.967 0.6159728260869562 184
20865.599 0.6563872832369749 173
20979.465 0.689630303030307 165
21093.455 0.6124354838709702 186
21226.463 0.7385166666666717 180
21339.847 0.558236453201971 203
21453.558 0.6383988764045059 178
21567.185 0.6104784946236704 186
21680.969 0.5264259259259368 216
21795.642 0.6780828402366945 169
21927.71 0.8627450980392157 153
22041.103 0.5554852941176446 204
22154.317 0.6734345238095167 168
22267.873 0.6411186440677918 177
22381.572 0.6076042780748631 187
22498.574 0.6121780104712015 191
22628.477 0.7504797687861198 173
22741.836 0.625867403314913 181
22855.702 0.5605320197044358 203
22969.452 0.6350614525139635 179
23083.226 0.5891191709844409 193
23201.407 0.5493348837209301 215
23329.572 0.6813723404255414 188
23443.468 0.5866907216494809 194
23556.981 0.5506893203883452 206
23670.631 0.6344916201117348 179
23784.538 0.534417840375596 213
23904.607 0.6556939890710294 183
24031.076 0.6945109890109982 182
24144.444 0.544682692307683 208
24257.958 0.6066042780748538 187
24371.662 0.6530344827586242 174
24485.864 0.6270604395604396 182
24618.588 0.7093636363636258 187
24732.101 0.6445454545454471 176
24845.595 0.6791497005988113 167
24959.046 0.5844072164948454 194
25072.5 0.6441931818181853 176
25187.526 0.5718905472636853 201
25319.609 0.6735510204081613 196
25432.953 0.5993121693121716 189
25546.502 0.5972210526315872 190
25660.025 0.5907864583333359 192
25774.073 0.5452966507177059 209
25891.348 0.7279440993788853 161
26020.127 0.6634639175257708 194
26133.626 0.5179132420091273 219
26247.037 0.6827289156626429 166
26360.717 0.5766802030456841 197
26474.447 0.5571127450980473 204
26592.87 0.6538397790055112 181
26720.513 0.6822192513369023 187
26834.209 0.5515533980582474 206
26947.834 0.5763959390862907 197
27061.574 0.5599261083743885 203
27175.291 0.6278397790055407 181
27295.862 0.6211082474226939 194
27422.033 0.612140776699023 206
27535.336 0.5366161137440699 211
27648.882 0.573090909090917 198
27762.4 0.6792814371257625 167
27877.339 0.5951398963730621 193
28009.372 0.7250769230769227 182
28122.796 0.6126918918918818 185
28236.265 0.6334748603351945 179
28349.741 0.633502793296094 179
28463.36 0.6839819277108499 166
28580.027 0.6624659090908939 176
28710.241 0.634868292682932 205
28823.394 0.6145434782608746 184
28936.999 0.5511213592232963 206
29050.934 0.6469204545454555 176
29164.695 0.5920000000000035 192
29282.189 0.6989047619047467 168
29410.635 0.6721570680628156 191
29523.76 0.6459942857142804 175
29637.758 0.6904424242424394 165
29751.46 0.638331460674155 178
29865.315 0.5577352941176393 204
29984.274 0.6531868131868188 182
30111.177 0.7330057803468284 173
30224.924 0.6532816091953935 174
30338.584 0.5540634146341401 205
30452.144 0.675488095238095 168
30565.965 0.6651637426900502 171
30699.032 0.7556136363636224 176
30812.589 0.5404000000000018 210
30925.967 0.5553774509804035 204
31039.452 0.575670050761436 197
31153.155 0.6044095744680701 188
31268.226 0.6496836158192021 177
31400.084 0.7404101123595385 178
31513.814 0.5051244444444375 225
31627.55 0.5740303030303002 198
31741.075 0.6034627659574517 188
31855.358 0.6275109890109809 182
31972.68 0.5775665024630502 203
32101.678 0.7629053254437899 169
32215.288 0.6103978494623638 186
32328.533 0.6466914285714197 175
32442.308 0.7061987577639771 161
32556.223 0.6186739130434944 184
32674.084 0.7052934131736506 167
32802.192 0.8155477707006438 157
32915.543 0.6156195652173784 184
33029.162 0.5883056994818541 193
33142.809 0.5678150000000096 200
33256.509 0.6383258426966053 178
33376.376 0.692416184971059 173
33502.865 0.7023333333333236 180
33616.622 0.4920173160173276 231
33730.29 0.5283209302325579 215
33844.01 0.5768578680203211 197
33957.904 0.711349999999993 160
34090.932 0.7225489130434811 184
34204.541 0.5762791878172314 197
34317.738 0.5830773195876204 194
34431.409 0.5885492227979093 193
34544.972 0.6167717391304588 184
34660.221 0.681485207100561 169
34791.475 0.7453750000000086 176
34904.912 0.5372369668246272 211
35018.368 0.5248888888889067 216
35131.949 0.5761421319796954 197
35246.018 0.5587843137254822 204
35363.113 0.5850849999999991 200
35492.127 0.7721257485029923 167
35605.362 0.5955631578947329 190
35719.167 0.6049202127659498 188
35832.624 0.6553930635838244 173
35946.323 0.6969693251533728 163
36065.625 0.6550439560439602 182
36192.405 0.8070700636942619 157
36306.112 0.585716494845365 194
36419.796 0.6643684210526527 171
36533.086 0.7031739130434967 161
36647.077 0.6472386363636194 176
36767.31 0.6827045454545193 176
36893.547 0.6932417582417486 182
37006.793 0.6466742857142734 175
37120.343 0.6374831460674245 178
37234.1 0.7017283950617302 162
37348.007 0.639488764044932 178
37480.884 0.7999939759036089 166
37594.354 0.5425837320574233 209
37707.539 0.6180710382513461 183
37821.253 0.6348547486033272 179
37934.938 0.6418531073446337 177
38049.858 0.5949170984456121 193
38181.661 0.7007180851063861 188
38295.092 0.5583891625615542 203
38408.538 0.6788622754491175 167
38522.096 0.667529411764682 170
38635.591 0.6873696969696814 165
38752.043 0.7096097560975401 164
38882.214 0.7477183908046138 174
38995.755 0.5352028301886609 212
39109.268 0.5847268041237015 194
39222.905 0.617163043478246 184
39336.821 0.6465625000000315 176
39454.584 0.6129375000000058 192
39582.721 0.7235593220338966 177
39696.214 0.5452692307692184 208
39809.732 0.7271730769231138 156
39923.769 0.7122249999999894 160
40037.43 0.6381123595505762 178
40157.358 0.6848514285714399 175
40284.004 0.7911187499999869 160
40397.372 0.5931570680628541 191
40510.98 0.5852010309278467 194
40624.653 0.5651592039801073 201
40738.563 0.5749040404040319 198
40871.738 0.7117540106951772 187
40985.148 0.5753096446700658 197
41098.527 0.6123513513513702 185
41212.085 0.7136729559748552 159
41325.931 0.6019470899470708 189
41441.049 0.5723432835820768 201
41573.13 0.7374860335195238 179
41686.455 0.5367156398104409 211
41799.88 0.644017045454513 176
41913.617 0.627950276243092 181
42027.446 0.6250054945055156 182
42144.173 0.682181286549741 171
42273.291 0.6975621621621572 185
42386.617 0.7167468354430329 158
42500.231 0.5913281249999803 192
42614.261 0.6126559139784834 186
42728.143 0.6185108695652003 184
42845.936 0.6036666666666861 195
42974.765 0.7036229508196667 183
43088.161 0.5694422110552921 199
43202.063 0.560709359605914 203
43315.883 0.6893575757575684 165
43429.791 0.6359217877094663 179
43548.687 0.7072499999999958 168
43676.081 0.7446023391812719 171
43789.718 0.6072673796791503 187
43903.166 0.5697135678391939 199
44016.916 0.546509615384611 208
44130.995 0.5158325791855359 221
44264.054 0.6017375565610712 221
44377.408 0.6473771428571699 175
44490.897 0.6632046783625486 171
44604.322 0.6511551724137901 174
44718.115 0.5337136150234594 213
44832.379 0.6172216216216299 185
44964.912 0.7045904255318941 188
45078.33 0.6028670212765954 188
45191.882 0.5941047120418571 191
45305.195 0.5991322751322601 189
45419.152 0.5870103092783745 194
45535.749 0.5914822335025608 197
45665.882 0.6918563829787014 188
45779.302 0.5753451776649785 197
45892.576 0.6543179190751451 173
46006.237 0.5824820512820644 195
46120.314 0.5968534031413412 191
46237.846 0.694917159763307 169
46366.639 0.6810687830687914 189
46480.02 0.5840412371133837 194
46593.863 0.541742857142838 210
46707.579 0.6044521276595488 188
46821.101 0.6302555555555753 180
46940.385 0.6274105263157828 190
47067.518 0.683145161290296 186
47181.194 0.5488019323671799 207
47294.608 0.602872340425552 188
47407.979 0.8518345864661782 133
47521.608 0.6640467836257504 171
47642.114 0.7042514619883234 171
47768.472 0.7472721893491379 169
47881.799 0.571969696969697 198
47995.746 0.572216080402006 199
48109.265 0.7272179487179249 156
48223.602 0.5741658291457196 199
48356.371 0.7096363636363503 187
48469.9 0.5042222222222417 225
48583.339 0.5873626943005034 193
48696.678 0.7705102040816287 147
48810.425 0.7240063694267623 157
48926.617 0.7167592592592467 162
49057.076 0.6721340206185579 194
49170.254 0.5952631578947292 190
49283.744 0.7132893081761036 159
49397.434 0.6455397727272612 176
49511.546 0.6197445652174081 184
49629.007 0.6557821229049987 179
49757.534 0.6266390243902584 205
49870.987 0.5697336683417106 199
49984.609 0.732554838709644 155
50098.198 0.6341508379888213 179
50211.905 0.6012010582010604 189
50330.699 0.6745284090908915 176
50457.988 0.6524102564102624 195
50571.588 0.6272044198895298 181
50685.079 0.5202522935779856 218
50799.021 0.5961570680628366 191
50912.89 0.6218196721311358 183
51045.811 0.6576485148514909 202
51159.348 0.515795454545448 220
51272.74 0.6059679144384967 187
51386.269 0.6633742690058367 171
51499.608 0.6781856287425018 167
51614.129 0.6153010752688363 186
51746.192 0.7810236686390664 169
51859.641 0.4950786026201173 229
51972.938 0.5866528497409429 193
52086.441 0.6711597633136064 169
52200.211 0.6890484848485248 165
52316.596 0.6923095238095075 168
52446.918 0.6448217821782218 202
52560.316 0.54986893203884 206
52673.839 0.6673294117647268 170
52787.761 0.5838205128205188 195
52901.651 0.6119193548386853 186
53019.383 0.6096010362694219 193
53148.004 0.6730785340313993 191
53261.493 0.5018230088495748 226
53375.362 0.59266145833332 192
53488.644 0.6861030303030433 165
53602.274 0.5853298969071982 194
53722.11 0.6508641304347728 184
53848.62 0.7437823529411723 170
53961.842 0.6216978021977891 182
54075.344 0.6518735632183877 174
54189.005 0.7011481481481215 162
54302.42 0.7359675324675321 154
54422.392 0.7446894409937689 161
54548.539 0.7782530864197377 162
54661.68 0.5798256410256354 195
54775.308 0.5823128205128179 195
54888.972 0.7144088050314488 159
55002.927 0.612258064516154 186
55136.105 0.7192432432432699 185
55249.104 0.6238895027624258 181
55362.393 0.5958473684210299 190
55476.192 0.6282928176795857 181
55589.687 0.6032925531914983 188
55706.196 0.6095968586387672 191
55836.753 0.6557286432160702 199
55950.292 0.558926108374382 203
56064.083 0.5493429951690818 207
56177.873 0.6728579881656575 169
56291.743 0.5957801047120507 191
56409.452 0.6463406593406494 182
56537.934 0.6356485148514753 202
56651.164 0.5685879396984804 199
56765.07 0.5394739336492792 211
56878.681 0.6378258426966057 178
56992.49 0.6318444444444241 180
57112.14 0.7075325443786786 169
57238.567 0.6547150259067388 193
57351.891 0.5898333333333691 192
57465.524 0.5945340314135961 191
57578.984 0.6478971428571302 175
57692.92 0.6581560693641454 173
57825.665 0.6803794871794824 195
57938.857 0.5800871794872084 195
58052.538 0.5384075829383856 211
58166.154 0.6204371584699502 183
58280.095 0.542214285714276 210
58396.543 0.5313789954337705 219
58526.925 0.6548391959799091 199
58640.271 0.6471028571428697 175
58753.609 0.6991419753086333 162
58867.198 0.6716686390532258 169
58981.319 0.5789187817259185 197
59098.198 0.7036325301204812 166
59227.657 0.6311707317073142 205
59340.966 0.5241250000000137 216
59454.326 0.596221052631575 190
59568.198 0.5989157894736548 190
59681.725 0.5672450000000027 200
59800.599 0.6252473684210456 190
59927.814 0.6520410256410311 195
60041.308 0.6444147727272387 176
60154.939 0.5593842364532035 203
60268.597 0.5793775510204313 196
