444.089 0.7709641434262948 251
591.362 0.28940954274353875 503
735.779 0.37987631578947356 380
860.272 0.37340240240240263 333
980.73 0.43615942028985505 276
1096.673 0.43559022556390964 266
1221.613 0.4896941176470591 255
1331.676 0.4823947368421047 228
1442.827 0.5264170616113747 211
1570.911 0.7399595375722552 173
1680.35 0.587983870967742 186
1790.81 0.5871436170212768 188
1919.446 0.659282051282051 195
2029.325 0.5179339622641516 212
2139.594 0.5680000000000001 194
2255.976 0.7006385542168677 166
2377.197 0.7084912280701757 171
2487.387 0.5795421052631594 190
2600.433 0.7105031446540868 159
2725.688 0.6916408839779 181
2835.511 0.5715937500000005 192
2945.495 0.6316494252873546 174
3073.866 0.7591360946745555 169
3183.919 0.5364634146341459 205
3294.028 0.6434619883040918 171
3422.376 0.7457674418604674 172
3532.261 0.7224276315789456 152
3642.886 0.621050561797753 178
3757.624 0.699115853658535 164
3880.972 0.6627795698924733 186
3991.178 0.5451881188118797 202
4101.766 0.5973621621621606 185
4229.757 0.7212881355932185 177
4339.107 0.6037237569060793 181
4449.291 0.5951783783783793 185
4578.08 0.6919999999999975 186
4689.947 0.5754226804123738 194
4802.955 0.5352322274881526 211
4915.336 0.5247897196261696 214
5027.847 0.5593781094527338 201
5159.511 0.6645909090909133 198
5271.455 0.5108036529680364 219
5383.608 0.6091141304347838 184
5496.089 0.5947354497354483 189
5608.956 0.5936263157894724 190
5724.94 0.5519285714285702 210
5853.043 0.7274659090909071 176
5964.835 0.5974010695187163 187
6076.793 0.5888421052631585 190
6189.506 0.5389234449760776 209
6302.131 0.5490146341463448 205
6420.203 0.6376864864864901 185
6546.017 0.6194285714285699 203
6658.547 0.5766769230769195 195
6771.09 0.5827305699481894 193
6883.846 0.6025614973261988 187
6996.793 0.6758682634730533 167
7129.02 0.6955210526315807 190
7241.04 0.5488039215686281 204
7353.364 0.6034677419354832 186
7465.632 0.6198397790055238 181
7577.485 0.649848837209299 172
7691.019 0.6303111111111118 180
7821.105 0.7304494382022445 178
7932.985 0.624592178770948 179
8045.137 0.5336857142857124 210
8157.313 0.6333220338983049 177
8269.625 0.7240967741935462 155
8385.595 0.5653219512195103 205
8513.561 0.6269509803921531 204
8625.436 0.5400772946859916 207
8737.231 0.5788445595854951 193
8849.81 0.6900736196319016 163
8961.893 0.6999937499999987 160
9079.067 0.6398633879781385 183
9204.833 0.6650529100529086 189
9317.052 0.5339952380952343 210
9429.287 0.6636508875739708 169
9541.604 0.6305561797752786 178
9654.163 0.6427485714285701 175
9773.225 0.545600917431196 218
9898.685 0.7165142857142824 175
10010.727 0.6509709302325614 172
10122.777 0.6186408839779014 181
10234.813 0.7041635220125757 159
10347.462 0.6396249999999927 176
10478.741 0.7904036144578334 166
10590.953 0.6061459459459395 185
10702.963 0.6825243902438981 164
10815.022 0.6362727272727294 176
10927.185 0.7005374999999958 160
11042.238 0.5748799999999937 200
11171.149 0.7578941176470514 170
11283.332 0.5495343137254881 204
11395.787 0.6610352941176483 170
11508.684 0.6033101604278048 187
11621.237 0.5595820895522325 201
11737.394 0.6521348314606737 178
11864.475 0.784030864197536 162
11976.861 0.5151743119266097 218
12089.471 0.5489317073170685 205
12201.697 0.5635577889447198 199
12313.727 0.7176410256410329 156
12432.494 0.6667977528089917 178
12557.239 0.6596507936507887 189
12669.36 0.5386730769230763 208
12781.47 0.7227999999999978 155
12893.475 0.5710510204081606 196
13007.513 0.5814234693877589 196
13137.69 0.6505550000000039 200
13249.745 0.5462292682926867 205
13362.024 0.5170599078340983 217
13474.229 0.6299269662921269 178
13586.778 0.6079675675675684 185
13702.732 0.6698208092485596 173
13830.622 0.7939192546583845 161
13942.876 0.5393173076923071 208
14056.136 0.5052142857142842 224
14168.501 0.5504117647058806 204
14281.147 0.5139954337899567 219
14399.789 0.5463778801843332 217
14525.217 0.7042640449438223 178
14637.371 0.5493872549019554 204
14749.384 0.6359999999999982 176
14861.68 0.5696345177665013 197
14974.665 0.6005638297872387 188
15106.04 0.7957939393939424 165
15217.824 0.5529950495049502 202
15329.868 0.6050702702702708 185
15442.375 0.5538226600985195 203
15554.739 0.5818031088082926 193
15670.329 0.6111851851851811 189
15799.302 0.6510353535353477 198
15911.423 0.5716428571428637 196
16023.756 0.5908052631578884 190
16136.059 0.641285714285706 175
16248.679 0.6820848484848477 165
16364.83 0.6014145077720224 193
16491.752 0.7928437499999973 160
16603.844 0.5490882352941138 204
16716.351 0.6388011363636369 176
16828.756 0.6171868131868206 182
16941.193 0.564613065326634 199
17058.835 0.6915411764705769 170
17184.07 0.6802554347826156 184
17296.445 0.6724431137724483 167
17408.656 0.5996417112299358 187
17521.116 0.5326113744075888 211
17633.767 0.7262774193548408 155
17766.066 0.7598965517241261 174
17877.942 0.6817804878048663 164
17989.846 0.5764175257731996 194
18102.176 0.5786082474226805 194
18214.297 0.6363579545454534 176
18328.526 0.6008052631579056 190
18458.685 0.7308539325842728 178
18570.891 0.5191203703703751 216
18683.032 0.6057567567567497 185
18795.543 0.5948835978836027 189
18907.965 0.6456494252873607 174
19023.763 0.6358296703296579 182
19151.339 0.6606580310880903 193
19263.686 0.5475658536585376 205
19376.586 0.5222824074073995 216
19489.148 0.5681060606060635 198
19601.549 0.49263596491228034 228
19719.84 0.6567388888888874 180
19845.613 0.6479639175257822 194
19957.559 0.5796424870466468 193
20070.27 0.6088378378378488 185
20182.555 0.5814093264248681 193
20295.263 0.625733333333321 180
20427.681 0.6519162561576352 203
20539.74 0.5742820512820542 195
20652.239 0.543096618357498 207
20764.475 0.6597529411764673 170
20876.79 0.6641242603550355 169
20991.673 0.6486158192090412 177
21121.151 0.7749221556886243 167
21232.995 0.5851570680628242 191
21344.819 0.6277865168539281 178
21457.388 0.5681313131313028 198
21570.269 0.5423269230769235 208
21686.504 0.6489385474860327 179
21813.796 0.6877135135135078 185
21926.31 0.5856041666666746 192
22038.572 0.6410571428571503 175
22151.061 0.5794639175257787 194
22263.239 0.5778402061855793 194
22381.129 0.6581675977653727 179
22506.887 0.6253134328358123 201
22619.242 0.5940634920634837 189
22731.402 0.6158406593406524 182
22843.57 0.6962111801242246 161
22955.883 0.668059523809526 168
23088.005 0.6736989795918464 196
23200.548 0.5381722488038237 209
23312.994 0.6277541899441261 179
23425.699 0.6154480874316962 183
23538.145 0.5883141361256661 191
23651.669 0.6406949152542489 177
23782.439 0.8542418300653392 153
23894.517 0.5308151658767791 211
24006.843 0.6488439306358381 173
24119.246 0.5673080808080682 198
24231.919 0.5311084905660433 212
24347.467 0.5744726368159252 201
24476.345 0.6604666666666722 195
24588.547 0.5634120603015014 199
24700.775 0.6300505617977599 178
24813.827 0.5111990950226343 221
24925.937 0.5491764705882494 204
25043.527 0.6317795698924656 186
25169.29 0.7437514792899379 169
25281.34 0.6152252747252822 182
25393.345 0.5596299999999974 200
25505.53 0.5900421052631588 190
25618.755 0.6540289017341089 173
25750.14 0.8471612903225656 155
25861.804 0.71059872611464 157
25974.244 0.5821813471502443 193
26086.805 0.5983297872340467 188
26199.376 0.54084615384615 208
26314.18 0.6869760479041829 167
26443.63 0.7267247191011235 178
26555.341 0.6806951219512307 164
26667.345 0.5513596059113275 203
26779.747 0.6382045454545484 176
26892.366 0.611641304347833 184
27008.455 0.5771791044776251 201
27135.676 0.7183672316384069 177
27247.725 0.6255363128491493 179
27359.962 0.6756626506024087 166
27472.381 0.5881884816753977 191
27584.926 0.653883720930237 172
27702.924 0.640864130434772 184
27829.028 0.6530362694300521 193
27941.08 0.6625680473372898 169
28053.525 0.5016339285714366 224
28165.881 0.5296179245283126 212
28278.325 0.6242555555555656 180
28410.045 0.80763190184047 163
28522.045 0.5624321608040154 199
28634.065 0.5770154639175201 194
28745.981 0.6578588235294078 170
28858.376 0.7293181818181733 154
28972.253 0.7794589041095854 146
29101.905 0.6611428571428517 196
29213.89 0.5278537735849002 212
29325.986 0.5958510638297896 188
29438.523 0.6212983425414461 181
29550.912 0.627452513966472 179
29667.446 0.6002164948453562 194
29795.236 0.7173651685393401 178
29907.505 0.5999518716577675 187
30019.816 0.5611549999999988 200
30132.629 0.5472621359223339 206
30245.464 0.6406647727272808 176
30363.028 0.6600337078651525 178
30489.328 0.6750320855614961 187
30602.406 0.5207419354838719 217
30714.609 0.580943005181344 193
30826.97 0.6036827956989239 186
30939.184 0.5663333333333426 198
31070.953 0.7440056497175261 177
31183.145 0.5050675675675675 222
31294.9 0.5727025641025625 195
31407.227 0.6564093567251414 171
31519.703 0.6010534759358334 187
31633.174 0.6479542857142847 175
31763.797 0.7590232558139516 172
31875.904 0.6189392265193283 181
31988.142 0.6162582417582398 182
32100.367 0.5965106382978542 188
32212.865 0.6574152046783712 171
32328.144 0.7679933333333369 150
32456.991 0.8048687500000142 160
32569.069 0.6187790055248608 181
32681.582 0.5019374999999887 224
32794.39 0.6060645161290277 186
32906.486 0.5958457446808523 188
33023.66 0.6578370786516919 178
33150.149 0.7392807017543509 171
33262.605 0.5105772727272945 220
33374.704 0.6155109890109948 182
33486.803 0.6055189189189224 185
33599.191 0.5759641025641125 195
33730.944 0.7195245901639481 183
33843.007 0.5332904761904501 210
33955.037 0.511196347031952 219
34067.334 0.6132185792349978 183
34179.672 0.5641155778894381 199
34294.277 0.6258251366120507 183
34423.987 0.6823315789473877 190
34535.73 0.5696887755102022 196
34648.27 0.6045215053763381 186
34760.452 0.5468341463414396 205
34873.479 0.5563300492610723 203
34989.795 0.5165866666666503 225
35116.731 0.74192397660818 171
35228.754 0.5860837696335222 191
35341.209 0.6243111111111325 180
35453.493 0.5936719576719851 189
35565.94 0.5976914893617117 188
35684.773 0.6419135135135179 185
35810.308 0.7009162011173181 179
35922.428 0.5658737373737265 198
36034.701 0.5526945812807887 203
36147.225 0.6013262032085384 187
36259.772 0.5767589743589783 195
36391.249 0.6441225490196338 204
36503.374 0.5116347031963585 219
36615.524 0.5140917431192666 218
36727.841 0.5785463917525647 194
36840.28 0.5427971014492596 207
36955.852 0.6176042780748576 187
37084.377 0.6422699999999896 200
37196.582 0.5550792079208111 202
37308.99 0.5850416666666737 192
37421.443 0.6384772727272486 176
37534.073 0.6358983050847257 177
37650.941 0.734528301886798 159
37777.711 0.6431573604061156 197
37890.414 0.5362952380952178 210
38002.57 0.5807357512953479 193
38114.639 0.7043459119496969 159
38227.229 0.6541453488372035 172
38346.422 0.6617388888888753 180
38471.799 0.7039775280898722 178
38583.643 0.5588199999999779 200
38696.007 0.5504117647058806 204
38808.589 0.5434975845410668 207
38921.187 0.673754491017963 167
39052.256 0.727761111111128 180
39164.381 0.5687461928933901 197
39276.606 0.5097590909090782 220
39388.782 0.596255319148924 188
39500.993 0.7052138364779925 159
39616.319 0.6367182320442346 181
39745.129 0.748482558139543 172
39857.718 0.5114045454545373 220
39969.986 0.613054644808735 183
40082.891 0.6232596685083146 181
40195.038 0.6710479041916307 167
40312.948 0.5921206030150497 199
40438.494 0.6181083743842483 203
40550.614 0.5991550802139106 187
40662.841 0.6300617977527979 178
40775.074 0.6597529411764887 170
40887.312 0.6797575757575528 165
41019.103 0.7441299435028417 177
41131.524 0.5791494845360615 194
41243.86 0.6100869565217458 184
41356.202 0.5669848484848435 198
41468.677 0.5648040201005057 199
41582.005 0.6434602272727055 176
41712.534 0.6866157894736955 190
41824.347 0.600725806451616 186
41936.689 0.6168296703296648 182
42048.79 0.5865026178010706 191
42161.17 0.6170329670329431 182
42276.708 0.6174171122994767 187
42405.18 0.7054945054945135 182
42517.375 0.5720153061224386 196
42629.364 0.6865705521472396 163
42742.241 0.6130326086956658 184
42854.875 0.5831917098445433 193
42971.609 0.644513812154692 181
43098.166 0.7311271676300611 173
43210.295 0.5925714285714243 189
43322.861 0.5889371727748361 191
43435.369 0.6388011363636162 176
43547.902 0.570832487309671 197
43666.334 0.6100618556700977 194
43791.385 0.7182931034482769 174
43903.796 0.5673383838383774 198
44016.223 0.6072810810810896 185
44128.575 0.5423816425120472 207
44241.85 0.4420703124999932 256
44373.544 0.6452058823529561 204
44485.941 0.5059369369369338 222
44598.004 0.595648936170232 188
44709.991 0.6322542372881336 177
44822.441 0.6009144385026695 187
44937.536 0.5928814432989703 194
45066.894 0.6400346534653298 202
45179.018 0.6024193548386862 186
45291.385 0.5728316326530687 196
45403.705 0.6377102272727329 176
45516.438 0.6911411042944949 163
45632.677 0.6525898876404498 178
45760.125 0.6634374999999864 192
45871.84 0.5341435406698498 209
45984.033 0.6194309392265506 181
46096.706 0.5465728155339676 206
46209.219 0.5649949748743408 199
46327.548 0.7254662576687352 163
46452.649 0.6411948717948504 195
46564.693 0.5570447761194047 201
46676.879 0.5931640211640221 189
46789.289 0.6138415300546378 183
46902.125 0.60298395721926 187
47033.518 0.6946031746031684 189
47145.795 0.578345360824745 194
47258.127 0.6603117647058645 170
47370.535 0.5973989361702208 188
47483.126 0.6541569767441827 172
47598.025 0.6714678362573308 171
47727.101 0.7414137931034553 174
47838.85 0.5501083743842299 203
47950.885 0.6585823529411915 170
48063.274 0.5672323232323135 198
48175.391 0.5745641025641071 195
48292.199 0.6176243386243374 189
48418.894 0.580848623853211 218
48530.801 0.7077911392404956 158
48642.606 0.5614522613065295 199
48754.682 0.6222277777777991 180
48866.894 0.5750564102564031 195
48998.941 0.7095107526881577 186
49111.07 0.5164331797234972 217
49223.07 0.5921851851851985 189
49335.123 0.6665238095238237 168
49446.997 0.7355131578947534 152
49560.669 0.6173695652174185 184
49691.513 0.6672142857142735 196
49803.344 0.5850994764397949 191
49915.244 0.6077228260869363 184
50027.07 0.7352039473683984 152
50139.556 0.6535406976744166 172
50255.835 0.5928622448979639 196
50383.932 0.7112722222222349 180
50496.412 0.5704923857867775 197
50608.549 0.5659343434343449 198
50720.877 0.6488497109826812 173
50833.733 0.5319716981132001 212
50951.374 0.6756494252873674 174
51077.61 0.6245841584158289 202
51190.037 0.6007914438502574 187
51301.845 0.62770224719101 178
51413.715 0.5946436170212651 188
51526.233 0.5917894736842227 190
51658.77 0.6399033816425078 207
51771.013 0.4834999999999942 232
51883.433 0.6007593582887536 187
51995.954 0.6144535519125667 183
52108.293 0.5816735751295286 193
52222.333 0.651199999999995 175
52352.318 0.7970613496932644 163
52464.738 0.6039892473118114 186
52577.213 0.5456262135922567 206
52689.127 0.6578647058823502 170
52801.476 0.6489710982659218 173
52917.76 0.6455944444444565 180
53045.242 0.6962568306010977 183
53157.45 0.5443155339805512 206
53269.909 0.5619099999999889 200
53382.41 0.6143387978142423 183
53495.162 0.583813471502588 193
53612.616 0.6784855491329725 173
53738.814 0.7375847953216398 171
53851.267 0.5914526315789292 190
53963.316 0.6152362637362535 182
54075.637 0.5907473684210823 190
54188.149 0.6461781609195268 174
54306.803 0.6307180851063675 188
54431.448 0.6488385416666537 192
54543.714 0.6447528735632073 174
54656.032 0.6001978609625721 187
54768.223 0.6126393442622817 183
54881.464 0.5493300970873622 206
55012.516 0.685780104712063 191
55124.598 0.643701149425292 174
55236.684 0.6087445652173815 184
55348.963 0.5368421052631788 209
55461.396 0.6207458563536088 181
55576.612 0.6541875000000139 176
55705.528 0.7237640449438301 178
55817.424 0.5947393617021357 188
55929.924 0.6211104972375806 181
56042.55 0.6322977528090244 178
56154.977 0.5944444444444368 189
56271.932 0.7083636363636205 165
56398.003 0.68853005464479 183
56510.336 0.5786340206185807 194
56622.547 0.6094347826086881 184
56734.995 0.5945396825396942 189
56850.324 0.6163626373626367 182
56969.267 0.6390860215053904 186
57094.752 0.6891043956044026 182
57206.655 0.6077717391304442 184
57318.985 0.6168021978022068 182
57431.293 0.5815284974093294 193
57543.645 0.6102065217391219 184
57662.643 0.6428378378378142 185
57787.521 0.6178811881188023 202
57899.183 0.5263490566037533 212
58011.356 0.636920454545444 176
58123.661 0.5906842105263327 190
58236.398 0.5365000000000042 210
58368.463 0.6874531250000094 192
58480.546 0.5657323232323203 198
58592.654 0.7322418300653797 153
58704.433 0.6170055248618778 181
58816.462 0.6117704918032673 183
58928.961 0.6280670391061807 179
59060.246 0.713119565217391 184
59172.238 0.5181435185184926 216
59284.286 0.5543267326732771 202
59396.483 0.5839687500000158 192
59508.644 0.622705555555553 180
59622.05 0.5638358208955502 201
59753.306 0.6693163265305828 196
59865.087 0.5195627906976665 215
59977.137 0.632644067796626 177
60089.497 0.7485666666666899 150
60201.838 0.5847239583333325 192
60316.631 0.6869341317365315 167
