447.167 0.8124876033057851 242
605.095 0.36058486238532117 436
731.725 0.37005555555555547 342
860.361 0.4030219435736676 319
983.665 0.49094820717131454 251
1118.831 0.549142276422764 246
1230.44 0.47063291139240493 237
1341.625 0.43916600790513804 253
1471.245 0.5940642201834856 218
1582.168 0.43638582677165305 254
1693.126 0.4928133333333335 225
1809.865 0.6013453608247425 194
1932.511 0.5648847926267277 217
2043.42 0.4947857142857148 224
2157.449 0.5426333333333332 210
2283.011 0.7469761904761916 168
2395.533 0.5645376884422103 199
2508.941 0.6627543859649104 171
2622.377 0.49718421052631656 228
2740.862 0.5358009049773768 221
2867.368 0.6197990196078424 204
2980.261 0.5476504854368922 206
3093.285 0.6417386363636358 176
3206.033 0.625949999999999 180
3318.958 0.5531911764705888 204
3435.917 0.6250320855614966 187
3564.047 0.6922216216216224 185
3676.298 0.6096304347826064 184
3788.869 0.6146994535519139 183
3902.079 0.5801641025641029 195
4015.035 0.6036684491978608 187
4131.51 0.5969128205128212 195
4260.438 0.6494646464646467 198
4373.152 0.5575940594059406 202
4485.827 0.6434114285714324 175
4598.984 0.5359336492891011 211
4711.873 0.6267444444444411 180
4827.107 0.6433240223463673 179
4957.643 0.6866736842105255 190
5070.282 0.5139726027397279 219
5182.958 0.5466116504854363 206
5295.973 0.5536078431372534 204
5409.006 0.5883072916666663 192
5522.083 0.684842424242423 165
5654.571 0.6366009615384594 208
5767.123 0.5983351063829743 188
5879.941 0.5965132275132274 189
5992.756 0.6405568181818198 176
6105.527 0.5606666666666688 201
6218.718 0.586072538860104 193
6337.205 0.613533678756478 193
6463.351 0.6706276595744656 188
6576.185 0.5723756345177702 197
6689.764 0.4870515021459235 233
6802.873 0.6010904255319106 188
6915.866 0.6204175824175834 182
7032.951 0.5792475247524743 202
7160.937 0.5894884792626722 217
7273.654 0.516683486238535 218
7386.45 0.6125978260869557 184
7499.528 0.6726369047619084 168
7612.589 0.6568837209302347 172
7728.257 0.589739795918367 196
7858.204 0.6069018691588761 214
7970.846 0.586281249999999 192
8083.706 0.5874166666666696 192
8196.519 0.596492063492064 189
8309.597 0.5406746411483263 209
8423.302 0.5949057591623058 191
8555.17 0.6690253807106634 197
8667.652 0.5180000000000039 217
8780.271 0.5712842639593984 197
8893.025 0.5633849999999984 200
9005.991 0.5941421052631611 190
9118.994 0.5943631578947373 190
9238.14 0.700376470588237 170
9363.902 0.6316331658291443 199
9476.703 0.5964285714285733 189
9589.515 0.526799065420555 214
9702.546 0.5704696969696945 198
9815.421 0.7139240506329183 158
9932.751 0.7374339622641535 159
10060.203 0.663453124999999 192
10172.922 0.46354732510287994 243
10285.872 0.5130499999999963 220
10398.95 0.6075483870967786 186
10511.931 0.6237900552486235 181
10627.39 0.6669479768786104 173
10756.631 0.7553976608187069 171
10869.226 0.5409519230769232 208
10981.971 0.5365142857142842 210
11094.924 0.5587970297029723 202
11207.921 0.5227777777777781 216
11321.71 0.5861443298969048 194
11453.341 0.7187868852459042 183
11565.459 0.7674041095890485 146
11678.148 0.608702702702696 185
11790.955 0.644182857142857 175
11904.255 0.5717525252525177 198
12017.266 0.6204835164835159 182
12136.378 0.6540329670329751 182
12262.203 0.6986555555555545 180
12375.078 0.5874999999999962 192
12487.85 0.5994521276595751 188
12600.688 0.5812474226804156 194
12713.604 0.6199890109890096 182
12830.456 0.5332146118721435 219
12958.325 0.635840796019901 201
13070.914 0.5208888888888917 216
13183.591 0.5439613526570066 207
13296.604 0.5482281553398034 206
13410.153 0.5181415525114154 219
13525.598 0.6040314136125696 191
13655.275 0.614265402843596 211
13768.087 0.531764150943398 212
13880.768 0.5630199999999967 200
13993.652 0.6032352941176486 187
14106.669 0.5536225490196094 204
14220.75 0.5846410256410215 195
14352.194 0.7727647058823469 170
14464.959 0.5749438775510219 196
14577.705 0.5961164021163982 189
14690.689 0.5879427083333345 192
14803.579 0.5640799999999945 200
14916.776 0.6249723756906022 181
15035.885 0.6469076086956569 184
15161.53 0.7386941176470667 170
15274.474 0.5615174129353223 201
15387.201 0.5688131313131313 198
15500.157 0.606870967741929 186
15613.223 0.5484805825242678 206
15730.631 0.6207883597883583 189
15858.587 0.6950543478260838 184
15971.08 0.628016759776531 179
16083.937 0.6371581920903957 177
16196.804 0.6877378048780529 164
16309.969 0.6353202247190985 178
16424.934 0.6244021739130502 184
16555.485 0.6396323529411794 204
16668.201 0.5866562500000138 192
16780.925 0.6473965517241428 174
16893.717 0.5995478723404263 188
17006.873 0.562477611940303 201
17120.361 0.5999735449735473 189
17240.172 0.6171546391752534 194
17365.901 0.5686018099547514 221
17478.555 0.5260700934579511 214
17591.353 0.5932631578947238 190
17704.233 0.6164043715846977 183
17817.254 0.6039679144384978 187
17935.111 0.5830594059406042 202
18061.969 0.6816666666666713 186
18174.553 0.5769641025641109 195
18287.181 0.5463737864077665 206
18400.281 0.6570988372093061 172
18513.164 0.5449661835748836 207
18628.846 0.7655894039735298 151
18757.187 0.6287892156862797 204
18869.853 0.531080188679245 212
18982.504 0.608518918918924 185
19095.322 0.7135569620253062 158
19208.208 0.5875520833333212 192
19322.211 0.6547413793103406 174
19453.319 0.7121630434782634 184
19565.854 0.5918789473684133 190
19678.495 0.5491073170731663 205
19791.29 0.5932578947368472 190
19904.378 0.543331730769226 208
20017.38 0.6104054054054014 185
20136.841 0.6060050761421403 197
20262.128 0.7280116279069812 172
20375.067 0.5787846153846028 195
20487.914 0.566673366834171 199
20600.713 0.6368474576271069 177
20713.584 0.599957446808498 188
20830.871 0.5477102803738277 214
20958.514 0.5720941704035762 223
21070.959 0.5762461538461465 195
21183.568 0.5800567010309229 194
21296.633 0.5538627450980451 204
21409.524 0.5640850000000137 200
21525.499 0.5823969849246273 199
21654.45 0.732289772727282 176
21766.909 0.5853229166666741 192
21879.602 0.5835025906735656 193
21992.379 0.5994680851063868 188
22105.165 0.5692323232323352 198
22219.242 0.5402796208530796 211
22351.139 0.6900994764397773 191
22463.782 0.5437777777777685 207
22576.787 0.6603918128654952 171
22689.687 0.5641150000000016 200
22802.6 0.6484770114942479 174
22915.655 0.6419374999999987 176
23034.907 0.6548021978021927 182
23160.639 0.6579319371727794 191
23273.869 0.5629502487562111 201
23386.646 0.5963121693121763 189
23499.675 0.6240276243093952 181
23612.735 0.5735076142131967 197
23729.691 0.6317729729729763 185
23857.908 0.762797619047606 168
23970.543 0.6150874316939974 183
24083.425 0.6000372340425569 188
24196.373 0.6449828571428536 175
24309.459 0.5622338308457622 201
24423.996 0.5992513089005158 191
24555.123 0.6755721649484426 194
24667.837 0.5717563451776578 197
24780.682 0.517284403669725 218
24893.589 0.671595238095246 168
25006.549 0.5879270833333218 192
25119.64 0.6043529411764664 187
25239.55 0.5874068627450898 204
25365.495 0.5695656108597276 221
25478.268 0.524176744186048 215
25591.072 0.6060698924731148 186
25704.211 0.5002743362831773 226
25817.429 0.5336745283018831 212
25935.641 0.742974842767283 159
26062.172 0.5937183098591527 213
26174.948 0.5869895833333393 192
26288.07 0.5738274111675028 197
26400.964 0.5875989583333308 192
26513.763 0.6441142857142715 175
26630.244 0.6257096774193429 186
26758.528 0.6410849999999846 200
26871.135 0.5358619047619002 210
26983.733 0.5383779904306251 209
27096.771 0.5328301886792411 212
27209.762 0.6343483146067249 178
27324.847 0.6020314136125717 191
27455.596 0.6701641025641062 195
27568.474 0.6371920903954771 177
27681.331 0.587380208333324 192
27794.254 0.5757346938775559 196
27906.906 0.658350877192969 171
28020.217 0.5661700000000018 200
28152.699 0.6522413793103391 203
28265.501 0.529276995305168 213
28378.201 0.5896387434554932 191
28491.079 0.6301787709497392 179
28604.245 0.5048616071428569 224
28717.342 0.5886302083333325 192
28835.919 0.6694802259887188 177
28962.22 0.682335135135135 185
29074.739 0.543212560386472 207
29187.743 0.5943473684210498 190
29301.487 0.5438851674641259 209
29414.501 0.6007180851063899 188
29531.182 0.6337010869565347 184
29659.64 0.682914893617016 188
29772.181 0.5065945945945943 222
29884.783 0.6215248618784486 181
29997.664 0.572604060913705 197
30110.818 0.5739898477157408 197
30225.326 0.6119411764705931 187
30356.21 0.644428571428569 203
30468.792 0.604870967741942 186
30581.574 0.6027005347593676 187
30694.637 0.5484708737864106 206
30807.447 0.5841139896373077 193
30920.572 0.5857461139896325 193
31053.162 0.6795538461538411 195
31165.961 0.5472621359223339 206
31278.467 0.5457815533980607 206
31391.265 0.5780717948717864 195
31504.089 0.6369887005649683 177
31617.311 0.5166438356164403 219
31735.797 0.6400594594594597 185
31862.347 0.6388030303030312 198
31975.08 0.5747908163265474 196
32087.917 0.6264444444444558 180
32201.165 0.6150597826087071 184
32314.168 0.7102327044025137 159
32429.946 0.6887023809523877 168
32559.238 0.7737964071856406 167
32672.008 0.5265887850467399 214
32785.139 0.5827268041237252 194
32897.986 0.6095621621621634 185
33011.145 0.5654149999999936 200
33125.254 0.5908341968912055 193
33256.949 0.6037935779816532 218
33369.508 0.6464597701149656 174
33482.322 0.6369322033898361 177
33595.041 0.6223535911602245 181
33708.122 0.67263690476193 168
33821.249 0.6211483516483866 182
33940.243 0.6067193877551086 196
34066.229 0.6172450980392051 204
34179.199 0.6102324324324523 185
34292.002 0.6297653631285073 179
34405.01 0.556275862068961 203
34518.218 0.5336273584905699 212
34635.542 0.547869158878499 214
34763.152 0.5987793427230088 213
34875.901 0.5633499999999912 200
34988.629 0.5867083333333388 192
35101.579 0.5671859296482178 199
35214.989 0.6093064516128941 186
35330.648 0.6604571428571528 175
35460.19 0.6506180904522885 199
35572.659 0.5853645833333303 192
35685.478 0.5581237623762465 202
35798.33 0.6481206896551784 174
35911.344 0.5703939393939124 198
36025.335 0.5611428571428405 203
36157.217 0.6865208333333234 192
36269.976 0.5168853211009364 218
36382.538 0.5858645833333185 192
36495.392 0.6481379310344714 174
36608.387 0.6070806451612972 186
36721.381 0.5535049019607886 204
36840.881 0.6219791666666575 192
36966.562 0.6280500000000029 200
37079.094 0.5918789473683941 190
37191.868 0.5809020618556686 194
37304.595 0.5836683937823889 193
37417.63 0.6529248554913197 173
37534.912 0.5919343434343135 198
37662.488 0.6407487437185839 199
37775.03 0.6213535911602017 181
37888.041 0.6273166666666333 180
38000.889 0.5934842105263286 190
38114.09 0.577158163265304 196
38229.582 0.598010362694325 193
38358.981 0.7432758620689756 174
38471.508 0.5539408866995289 203
38584.443 0.4822863247863074 234
38697.393 0.584823834196887 193
38810.533 0.5488349514563347 206
38924.65 0.6164324324324372 185
39055.991 0.7813630952380967 168
39168.75 0.5662462311557651 199
39281.447 0.5990265957446722 188
39394.395 0.6376723163841522 177
39507.243 0.6095729729729764 185
39620.218 0.6271888888888901 180
39739.804 0.5773236714975553 207
39865.447 0.5979666666666509 210
39978.447 0.6415909090908992 176
40091.314 0.5813969072164816 194
40204.265 0.6562325581395525 172
40317.288 0.5762448979591998 196
40434.419 0.6502888888889073 180
40562.178 0.6023066037735778 212
40674.618 0.5674949494949566 198
40787.484 0.5556059113300157 203
40900.296 0.6194120879120889 182
41013.632 0.6155326086956215 184
41129.428 0.6393149171270738 181
41258.813 0.6401782178217768 202
41371.324 0.5825647668393662 193
41484.193 0.512686363636352 220
41596.979 0.6331910112359479 178
41709.914 0.5971216931216919 189
41824.31 0.549610576923057 208
41955.43 0.7200714285714279 182
42067.943 0.5254018691588855 214
42180.546 0.5741122448979862 196
42293.548 0.5377285714285833 210
42406.537 0.5018222222222054 225
42519.596 0.6009627659574456 188
42639.237 0.6679497206704018 179
42764.739 0.7046573033708075 178
42877.4 0.4959647577092624 227
42990.172 0.6295586592178709 179
43103.626 0.5935235602094113 191
43216.874 0.5051919642857163 224
43335.744 0.5279644444444501 225
43461.662 0.7232701149424983 174
43574.732 0.5406124401914106 209
43687.557 0.6263833333333524 180
43800.581 0.664376470588211 170
43913.776 0.5655799999999727 200
44031.149 0.5480046728972011 214
44159.136 0.6460606060605972 198
44271.804 0.5629399999999805 200
44384.647 0.5419855769230778 208
44497.449 0.6368587570621581 177
44610.683 0.621741758241754 182
44726.26 0.6047015706806261 191
44855.709 0.7188000000000304 180
44968.377 0.6053279569892492 186
45081.123 0.5748316326530678 196
45194.058 0.5787538461538273 195
45306.584 0.7649727891156526 147
45420.285 0.6383370786517046 178
45552.33 0.6375555555555651 207
45665.053 0.4876753246753179 231
45777.846 0.4922139737991132 229
45890.789 0.5559950738916176 203
46003.591 0.6227955801105104 181
46116.731 0.6212252747252853 182
46236.223 0.5940945273631864 201
46361.984 0.6615368421052392 190
46474.279 0.6304606741573122 178
46587.042 0.7087232704402395 159
46699.938 0.5906753926701735 191
46812.878 0.5729086294416119 197
46930.826 0.5357727272727392 220
47057.963 0.5802237442922518 219
47170.545 0.5710913705583623 197
47283.185 0.6288491620111647 179
47396.35 0.559836633663364 202
47509.34 0.5850569948186396 193
47625.319 0.5853636363636457 198
47754.188 0.696216216216232 185
47866.808 0.5516911764705796 204
47979.69 0.5640100000000166 200
48092.54 0.5638699999999881 200
48205.508 0.6004734042553344 188
48320.117 0.639731843575392 179
48451.135 0.6965212765957636 188
48563.733 0.5358190476190343 210
48676.115 0.6204751381215295 181
48789.124 0.57325380710662 197
48902.213 0.559460396039633 202
49015.205 0.6103675675675952 185
49134.901 0.6914335260115314 173
49260.731 0.6134731707317193 205
49373.441 0.5415096153846067 208
49486.197 0.5961746031746207 189
49599.196 0.6103891891892212 185
49712.225 0.6240386740331543 181
49829.847 0.753467948717979 156
49957.046 0.6947158469945445 183
50069.592 0.585765624999984 192
50182.492 0.5613034825870653 201
50295.752 0.6085215053763315 186
50408.733 0.6680887573964452 169
50524.387 0.5693448275862304 203
50653.714 0.6126066350710997 211
50766.508 0.5661407035176076 199
50879.266 0.640244318181844 176
50992.376 0.5595643564356398 202
51105.302 0.6599356725146315 171
51218.695 0.6704970414201094 169
51350.829 0.7216612021857841 183
51463.55 0.5747500000000271 196
51576.215 0.5518970588235271 204
51689.091 0.6163770491803205 183
51802.11 0.5851917098445738 193
51915.44 0.6121891891892144 185
52034.513 0.6918372093023208 172
52160.59 0.6667248677248603 189
52273.398 0.6028342245989476 187
52386.203 0.6160218579235169 183
52498.973 0.6707857142856872 168
52611.942 0.5730558375634509 197
52728.779 0.6177777777777885 189
52856.73 0.6660625000000285 192
52969.276 0.5767538461538303 195
53081.972 0.563080000000009 200
53195.061 0.5022844444444571 225
53308.373 0.5718888888888725 198
53424.1 0.6023385416666542 192
53553.884 0.7286404494381836 178
53666.539 0.5832797927460968 193
53779.045 0.6536744186046552 172
53891.939 0.5937631578947108 190
54004.928 0.6005904255319152 188
54118.298 0.6157173913043548 184
54250.381 0.741617977528099 178
54362.824 0.6348870056497176 177
54475.719 0.558504950495046 202
54588.699 0.5849896373056913 193
54701.701 0.6344101123595669 178
54814.849 0.6077580645161565 186
54933.494 0.655071823204416 181
55059.834 0.6313550000000032 200
55172.688 0.512613636363643 220
55285.887 0.523712962962977 216
55398.795 0.616568306010901 183
55511.914 0.5767346938775183 196
55628.702 0.6015979381443254 194
55756.838 0.6534183673469744 196
55869.516 0.6053763440860528 186
55982.422 0.5128545454545516 220
56095.585 0.5489708737863889 206
56209.133 0.5302383177570328 214
56324.347 0.6617126436781552 174
56454.251 0.7056141304347756 184
56566.776 0.5856666666666493 192
56679.456 0.5989468085106328 188
56792.242 0.6440571428571379 175
56905.332 0.5948000000000129 190
57018.712 0.5608960396039578 202
57150.867 0.6319617224880466 209
57263.426 0.6249444444444331 180
57375.904 0.5854166666666742 192
57488.703 0.6060376344085922 186
57601.612 0.5424567307692226 208
57714.629 0.5913089005235724 191
57833.027 0.7441698113207796 159
57959.473 0.6616701570680671 191
58071.954 0.6043118279569601 186
58185.008 0.5977619047618992 189
58297.973 0.6601812865496841 171
58410.857 0.6446285714285998 175
58527.268 0.5935408163265066 196
58655.666 0.5913778801843221 217
58768.739 0.6383050847457808 177
58881.57 0.5810309278350575 194
58994.549 0.5589257425742497 202
59107.612 0.5884791666666539 192
59222.709 0.5751000000000204 200
59353.049 0.7080054347826144 184
59465.623 0.5460922330097214 206
59578.362 0.483515021459226 233
59691.252 0.6559011627907112 172
59804.382 0.5709646464646438 198
59917.745 0.6090430107526841 186
60050.106 0.7071871657753945 187
60162.744 0.5743571428571456 196
60275.135 0.6239722222222351 180
