426.836 0.7196000000000001 245
599.575 0.41644794188862 413
729.876 0.328871212121212 396
857.65 0.3648542857142856 350
975.903 0.43129562043795644 274
1106.691 0.5914615384615388 221
1218.671 0.5205162790697677 215
1329.862 0.6536176470588236 170
1459.237 0.6841111111111112 189
1570.117 0.5540800000000001 200
1680.861 0.5886595744680857 188
1795.837 0.6348011049723751 181
1920.682 0.7383372781065088 169
2031.529 0.5200469483568074 213
2143.185 0.5751701030927827 194
2271.99 0.6044084507042233 213
2382.73 0.5398243902439035 205
2493.61 0.5925347593582893 187
2622.626 0.6289804878048794 205
2733.707 0.5578090452261302 199
2844.843 0.5213990610328638 213
2974.099 0.7554327485380122 171
3084.931 0.481573913043479 230
3196.441 0.5833298429319357 191
3311.787 0.6131170212765937 188
3436.106 0.5888578199052145 211
3546.931 0.45953112033194954 241
3659.721 0.5340758293838865 211
3787.216 0.6277142857142853 203
3898.464 0.5851210526315778 190
4009.456 0.6161944444444443 180
4138.438 0.6413184079602 201
4249.809 0.584299999999999 190
4360.843 0.5719484536082455 194
4490.008 0.7334659090909099 176
4600.862 0.5128657407407429 216
4712.075 0.5317511961722464 209
4828.759 0.6073281249999999 192
4952.191 0.6458848167539245 191
5063.044 0.6330114285714288 175
5176.186 0.5653449999999975 200
5303.482 0.6767659574468083 188
5414.167 0.6320685714285719 175
5525.207 0.57793229166667 192
5654.164 0.7042732240437137 183
5765.068 0.6023315217391338 184
5875.837 0.6790981595092037 163
6004.946 0.6791210526315808 190
6115.827 0.5596212121212136 198
6226.761 0.5460886699507422 203
6342.448 0.6116878306878327 189
6465.976 0.7668260869565207 161
6576.954 0.6301306818181781 176
6689.36 0.5702131979695402 197
6817.183 0.7097666666666657 180
6928.042 0.5275285714285712 210
7039.049 0.5333317307692307 208
7167.846 0.6774947368421013 190
7278.724 0.6121712707182314 181
7389.727 0.626711864406779 177
7519.127 0.6735625000000027 192
7629.948 0.5455517241379325 203
7741.032 0.5550450000000001 200
7857.675 0.6233475935828866 187
7980.86 0.7461757575757557 165
8091.821 0.5715670103092785 194
8205.23 0.5965052631578912 190
8333.144 0.6727736842105323 190
8443.962 0.4899911504424751 226
8555.046 0.5663724489795919 196
8684.048 0.6785736842105268 190
8794.825 0.5919893048128403 187
8905.882 0.5750362694300517 193
9035.443 0.8195253164556884 158
9146.404 0.5657448979591858 196
9257.339 0.6262937853107309 177
9373.308 0.7109877300613585 163
9496.907 0.6641559139784916 186
9607.856 0.5039681818181799 220
9720.959 0.6044278074866324 187
9847.998 0.7382151162790695 172
9958.597 0.6174469273742974 179
10069.933 0.4879912280701782 228
10199.427 0.6636769230769203 195
10310.181 0.5887180851063835 188
10421.292 0.5723402061855652 194
10550.675 0.7143977900552413 181
10661.647 0.5544700000000011 200
10772.821 0.5878306878306897 189
10889.071 0.6793801169590589 171
11012.523 0.642630208333325 192
11123.248 0.5854444444444414 189
11236.113 0.6336460674157238 178
11363.477 0.9500000000000082 134
11474.366 0.5485841584158431 202
11585.308 0.6058196721311563 183
11714.36 0.745531791907519 173
11825.284 0.5773333333333331 192
11936.223 0.6718969696969659 165
12065.535 0.6627487179487126 195
12176.776 0.5194672897196227 214
12287.681 0.7014493670886058 158
12403.547 0.6397292817679617 181
12527.577 0.6046829268292641 205
12638.694 0.5416780487804872 205
12751.326 0.5862291666666598 192
12878.887 0.6710421052631653 190
12989.797 0.4947946428571462 224
13101.138 0.550821782178225 202
13230.179 0.7245168539325839 178
13340.944 0.5887765957446739 188
13452.37 0.5859578947368439 190
13581.606 0.7780421686747028 166
13692.392 0.5348260869565166 207
13803.2 0.5797434554973905 191
13919.332 0.6826941176470641 170
14042.641 0.7165406976744126 172
14153.688 0.59661827956989 186
14266.572 0.5937315789473646 190
14393.91 0.6178058252427185 206
14504.66 0.5824999999999961 190
14615.889 0.6388045977011497 174
14744.935 0.6682487046632112 193
14856.153 0.5343365384615376 208
14967.18 0.5997297297297337 185
15096.879 0.6029023255814029 215
15207.78 0.636925287356326 174
15318.779 0.5659438775510259 196
15435.979 0.57968811881188 202
15558.539 0.6314123711340237 194
15669.245 0.6431860465116315 172
15783.174 0.5500144927536279 207
15909.233 0.7729693251533779 163
16020.182 0.5744766839378228 193
16131.222 0.5412878048780485 205
16260.276 0.6200913461538431 208
16371.449 0.5143425925925924 216
16482.693 0.5123087557603615 217
16612.368 0.6084460093896635 213
16723.194 0.5859788359788359 189
16834.062 0.7056942675159343 157
16951.486 0.6111822916666748 192
17074.015 0.6216446700507611 197
17184.991 0.5409707317073231 205
17299.728 0.647802259887006 177
17424.96 0.6196386138613744 202
17535.898 0.626338983050853 177
17646.737 0.6795276073619795 163
17775.707 0.664396907216495 194
17886.386 0.582136842105262 190
17997.584 0.521699530516429 213
18126.793 0.737897142857151 175
18237.614 0.6401502890173574 173
18348.396 0.655076923076937 169
18466.102 0.6358324324324172 185
18588.788 0.609965174129349 201
18699.871 0.5842157894736852 190
18814.796 0.5714029850746216 201
18940.322 0.667335106382973 188
19051.09 0.585682539682537 189
19162.54 0.5541094527363194 201
19291.259 0.8463421052631355 152
19402.306 0.5720206185567092 194
19513.217 0.6123370165745987 181
19642.352 0.6864840425531781 188
19753.298 0.5304736842105204 209
19864.333 0.6030326086956452 184
19993.353 0.6715885416666652 192
20103.897 0.5114953703703712 216
20217.311 0.5924921465968642 191
20330.934 0.6601511627907098 172
20446.75 0.5535598086124378 209
20577.369 0.701903225806452 186
20690.428 0.5649049999999989 200
20803.686 0.5716111111111115 198
20916.907 0.5214147465437827 217
21029.913 0.6721904761904754 168
21146.249 0.6530168539325898 178
21275.634 0.8032173913043434 161
21388.402 0.5290704225352071 213
21501.758 0.5809230769230896 195
21615.111 0.48408974358975154 234
21728.418 0.5928429319371736 191
21845.898 0.6708628571428666 175
21973.438 0.7868765432098663 162
22086.086 0.5863125000000006 192
22199.347 0.6052566844919834 187
22312.327 0.5790051282051419 195
22425.479 0.5889427083333393 192
22544.238 0.5963869346733693 199
22670.907 0.6086586538461478 208
22784.222 0.5123891402714986 221
22897.367 0.5858445595854886 193
23010.836 0.5249629629629622 216
23124.023 0.6284000000000055 180
23256.738 0.7287747252747387 182
23369.935 0.4753571428571514 238
23482.966 0.5704747474747552 198
23595.887 0.6165245901639372 183
23709.498 0.6237362637362661 182
23823.229 0.5919218749999876 192
23955.572 0.8319182389937199 159
24068.73 0.6247845303867366 181
24181.815 0.5539558823529304 204
24295.16 0.5868756476683928 193
24408.471 0.5291355140186943 214
24524.325 0.5566009615384666 208
24654.287 0.6367254901960776 204
24767.362 0.6042620320855582 187
24880.307 0.6562267441860418 172
24993.276 0.7283354838709901 155
25107.139 0.5957486910994789 191
25223.502 0.6533202247191072 178
25353.118 0.6927754010695137 187
25466.237 0.5282289719626219 214
25579.191 0.5700858585858607 198
25692.461 0.6543063583815012 173
25805.892 0.5842886597938091 194
25923.512 0.6530166666666547 180
26050.934 0.7319367816091953 174
26164.129 0.5309577464788777 213
26277.372 0.5574679802955718 203
26390.526 0.5653800000000047 200
26503.963 0.5556862745098068 204
26622.967 0.6835000000000006 174
26748.796 0.7063932584269526 178
26861.871 0.5594059405940595 202
26975.094 0.5714343434343446 198
27088.489 0.5320187793427217 213
27201.752 0.589515625000009 192
27334.17 0.8483397435897225 156
27446.935 0.5963015873015922 189
27560.086 0.6458685714285612 175
27673.021 0.5939947368421072 190
27786.151 0.621170329670329 182
27899.913 0.6807604790419265 167
28032.145 0.7301933701657507 181
28145.322 0.5309906103286326 213
28258.396 0.579476923076921 195
28371.463 0.6140760869565106 184
28485.1 0.5115450450450373 222
28600.697 0.5863959390862966 197
28731.1 0.7044810810810698 185
28844.539 0.5724898989898948 198
28957.486 0.5323867924528387 212
29070.708 0.6083064516129055 186
29184.567 0.5660746268656669 201
29301.006 0.646455555555561 180
29429.569 0.6871390374331496 187
29542.599 0.5253581395348721 215
29655.906 0.6433295454545384 176
29769.342 0.5754365482233542 197
29882.892 0.5731010101010017 198
30000.655 0.6096217616580272 193
30127.922 0.6730158730158576 189
30240.539 0.608335135135142 185
30354.006 0.6789820359281402 167
30467.634 0.5539024390243867 205
30580.87 0.615005434782609 184
30700.118 0.6142731958762786 194
30826.589 0.6759572192513296 187
30939.727 0.5981957671957538 189
31053.009 0.5989841269841202 189
31166.201 0.6147500000000076 184
31279.785 0.5850824742268105 194
31412.748 0.6745482233502467 197
31525.727 0.4909391304347715 230
31638.451 0.5632350000000043 200
31751.421 0.5673015075376886 199
31864.73 0.5806871794871814 195
31978.63 0.6119516129032275 186
32110.72 0.846282051282054 156
32223.561 0.5447536231884196 207
32336.676 0.6177049180327917 183
32449.568 0.6267555555555494 180
32562.707 0.5435721153846071 208
32678.198 0.6106560846560882 189
32808.697 0.6723041237113385 194
32921.615 0.5670301507537685 199
33034.48 0.6372203389830535 177
33147.538 0.6685325443787196 169
33261.136 0.5882020725388656 193
33377.681 0.6470499999999851 180
33506.866 0.7173166666666576 180
33619.778 0.5152328767123091 219
33732.735 0.5941105263157959 190
33846.167 0.6228241758241723 182
33960.051 0.5418523809523668 210
34077.632 0.6151675392669934 191
34205.281 0.5852293577981732 218
34318.149 0.5502048780487513 205
34431.598 0.58139487179485 195
34544.666 0.6312513966480379 179
34658.208 0.67943113772453 167
34777.45 0.6238795811518327 191
34904.252 0.5760590909090917 220
35017.319 0.4955701754386195 228
35130.911 0.4914025974026098 231
35244.25 0.5663049999999931 200
35357.824 0.6101989247311991 186
35490.676 0.729505494505477 182
35603.465 0.5471990291262046 206
35716.499 0.6139076086956661 184
35829.366 0.6445085714285961 175
35942.548 0.5655099999999947 200
36056.746 0.6752485207100495 169
36188.417 0.7519999999999917 175
36301.179 0.5216805555555429 216
36414.246 0.5735532994923754 197
36527.311 0.564935000000005 200
36640.509 0.493986899563317 229
36756.675 0.6046250000000176 192
36886.124 0.7701190476190753 168
36999.433 0.6120486486486452 185
37112.661 0.5802717948717868 195
37226.101 0.6333016759776784 179
37339.786 0.6802814371257702 167
37456.42 0.6039274611398822 193
37585.182 0.6994184782608658 184
37698.238 0.5279299065420512 214
37811.396 0.5187155963302832 218
37924.848 0.5967105263157895 190
38038.145 0.5927696335078394 191
38156.396 0.6252486772486702 189
38283.468 0.7839629629629655 162
38396.649 0.595294736842104 190
38509.47 0.6369774011299583 177
38622.744 0.49865638766519693 227
38736.507 0.580015306122435 196
38856.06 0.6749943502824559 177
38982.067 0.6491701030928132 194
39095.536 0.5668899999999849 200
39208.627 0.6011063829787321 188
39321.859 0.6857818181817879 165
39435.341 0.5698190954773881 199
39568.211 0.7026137566137656 189
39681.213 0.5429615384615457 208
39794.21 0.5820412371133888 194
39907.313 0.5980105820106079 189
40020.415 0.6279222222222113 180
40134.458 0.5726884422110378 199
40266.667 0.7028617021276543 188
40379.57 0.5876354166666715 192
40492.327 0.6912944785275881 163
40605.386 0.5089189189189006 222
40718.71 0.6584011627907129 172
40834.086 0.5882397959183956 196
40964.964 0.7148196721311371 183
41078.041 0.5824690721649286 194
41190.957 0.572781725888342 197
41303.917 0.6003138297872554 188
41417.274 0.6025531914893555 188
41533.463 0.6672988505747159 174
41663.13 0.704336956521729 184
41775.932 0.5932947368421179 190
41889.119 0.650068965517247 174
42002.02 0.5938105263157539 190
42115.574 0.6410960451977513 177
42232.805 0.6811395348837365 172
42361.045 0.7042472527472265 182
42474.075 0.5430384615384495 208
42587.562 0.5727777777777586 198
42700.847 0.6469142857142808 175
42813.994 0.6811385542168426 166
42931.622 0.6834186046511773 172
43059.581 0.7065745856353559 181
43172.433 0.5998829787233959 188
43285.79 0.5779591836734634 196
43399.154 0.6624795321637407 171
43512.237 0.6243425414364708 181
43630.809 0.564257142857137 210
43757.393 0.7956918238993674 159
43870.563 0.5711767676767715 198
43983.404 0.5527549019607964 204
44096.605 0.5922722513089185 191
44210.23 0.6038776595744801 188
44329.905 0.6294315789473521 190
44455.789 0.6621736842104982 190
44568.988 0.5235879629629684 216
44682.117 0.5709646464646438 198
44795.636 0.5939424083769597 191
44909.157 0.6034148936170358 188
45041.65 0.7439044943820273 178
45154.51 0.5874427083333558 192
45267.294 0.5367047619047558 210
45380.054 0.6260333333333014 180
45493.215 0.6079838709677372 186
45606.956 0.5950942408376988 191
45738.806 0.7083763440859911 186
45851.914 0.5257255813953274 215
45965.095 0.6048288770053626 187
46077.918 0.6369887005649477 177
46191.398 0.6196830601092997 183
46306.972 0.7264150943396226 159
46436.979 0.7298258426966272 178
46549.82 0.5666532663316727 199
46662.625 0.6093297297297426 185
46775.796 0.5571133004926335 203
46889.422 0.5512087378640731 206
47007.081 0.5003446808510567 235
47135.25 0.6742315789473651 190
47247.964 0.6088594594594748 185
47361.394 0.6628830409356888 171
47474.37 0.6342640449438477 178
47587.498 0.6110864864864837 185
47705.429 0.6621179775280693 178
47832.355 0.689440217391324 184
47945.902 0.5302289719626383 214
48058.924 0.6206098901098952 182
48171.963 0.6930184049080172 163
48285.414 0.5273255813953488 215
48404.672 0.5899950495049329 202
48530.973 0.609826086956506 207
48643.789 0.5662964824120568 199
48756.658 0.6266333333333427 180
48869.817 0.6574476744186372 172
48982.829 0.5944105263157613 190
49115.447 0.6311380952380811 210
49228.499 0.51358636363637 220
49341.887 0.6124162162162483 185
49454.744 0.5813041237113457 194
49568.112 0.5962736842105331 190
49681.698 0.616896739130425 184
49813.888 0.7549542857142764 175
49927.153 0.5415741626794186 209
50040.398 0.5520292682926704 205
50153.237 0.6917852760736111 163
50266.632 0.6626842105262917 171
50381.433 0.6995243902438677 164
50512.771 0.6563599999999861 200
50625.556 0.5193963133640336 217
50738.497 0.5909162303665195 191
50851.814 0.6188032786885345 183
50965.266 0.5967157894737044 190
51081.843 0.6131578947368421 190
51210.729 0.6851968085106529 188
51323.768 0.52785981308411 214
51436.629 0.6595672514619887 171
51550.121 0.5876476683937691 193
51663.599 0.6406779661017031 177
51780.643 0.6498388888888763 180
51908.76 0.6339207920792244 202
52021.565 0.5871197916666612 192
52134.948 0.5901406249999658 192
52247.931 0.6101891891891609 185
52361.08 0.5889114583333518 192
52479.001 0.6074432989690584 194
52606.33 0.58892592592592 216
52719.718 0.5127194570135815 221
52832.592 0.5371380952380908 210
52945.767 0.5284906542056148 214
53059.352 0.5761776649746081 197
53192.196 0.6638400000000183 200
53305.008 0.5581732673267517 202
53417.783 0.5691717171717351 198
53530.775 0.5790564102564344 195
53643.853 0.6531734104046442 173
53757.76 0.6254505494505613 182
53890.19 0.652014778325143 203
54003.162 0.550717073170718 205
54116.463 0.5776785714286011 196
54229.629 0.5952105263158094 190
54342.965 0.5929790575916136 191
54458.538 0.6414277777777897 180
54589.046 0.6829162303665202 191
54701.904 0.5667336683417027 199
54815.237 0.5960894736841988 190
54928.24 0.5821030927835046 194
55041.943 0.6108817204300869 186
55157.852 0.6364450549450479 182
55287.605 0.6935026737968178 187
55400.834 0.5862901554404263 193
55513.982 0.543610576923094 208
55627.441 0.5669099999999889 200
55740.719 0.6819397590361295 166
55858.079 0.6238404255319109 188
55985.763 0.7089722222222109 180
56098.511 0.5496146341463517 205
56212.039 0.6099569892472984 186
56325.212 0.5260465116279002 215
56438.427 0.5923403141361384 191
56557.153 0.648349726775962 183
56683.679 0.6419238578679963 197
56796.876 0.5627910447761153 201
56910.001 0.535767772511842 211
57023.706 0.5918124999999842 192
57137.329 0.5677349999999933 200
57257.506 0.7064647058823645 170
57383.187 0.6681436170212615 188
57496.045 0.550156097560972 205
57609.048 0.7102389937106911 159
57722.157 0.6176666666666437 183
57835.622 0.7086812500000178 160
57968.061 0.8170617283950703 162
58080.863 0.5841502590673292 193
58194.07 0.5923036649214523 191
58307.438 0.5900625000000067 192
58420.595 0.677131736526936 167
58534.051 0.6369662921348167 178
58666.678 0.7363944444444416 180
58779.457 0.563530000000028 200
58892.508 0.6009414893616966 188
59005.735 0.5893229166666742 192
59119.417 0.6490228571428451 175
59233.674 0.6239398907103654 183
59365.364 0.7478465909090862 176
59478.213 0.6063010752688412 186
59591.809 0.553682926829291 205
59704.91 0.5513219512195153 205
59818.172 0.5687688442210939 199
59934.052 0.7104478527607355 163
60064.147 0.6373774509803636 204
60177.057 0.4549556451612819 248
60290.605 0.5277720930232791 215
