413.789 0.7287723214285713 224
601.734 0.4232099322799098 443
730.132 0.3107215496368038 413
858.199 0.30580622009569375 418
981.622 0.42240753424657523 292
1097.811 0.5555502392344492 209
1215.755 0.4952436974789923 238
1344.283 0.6031079812206572 213
1457.793 0.5427320574162671 209
1571.634 0.5033805309734519 226
1685.43 0.5337934272300474 213
1799.169 0.5769441624365489 197
1918.475 0.7498679245283008 159
2045.266 0.6304676616915431 201
2158.595 0.541870813397128 209
2271.838 0.5833298969072174 194
2385.222 0.5447403846153848 208
2498.986 0.6387022471910104 178
2631.815 0.75 177
2744.851 0.6888475609756097 164
2858.15 0.6396779661016947 177
2971.428 0.5957947368421054 190
3085.257 0.6050638297872338 188
3199.259 0.5783045685279185 197
3331.301 0.790137724550898 167
3444.218 0.7008633540372667 161
3557.264 0.6606257309941527 171
3670.562 0.5391571428571427 210
3783.9 0.6434943181818188 176
3900.367 0.5908121827411185 197
4029.899 0.7152707182320439 181
4143.037 0.55970792079208 202
4256.92 0.5821743589743608 195
4370.526 0.6880545454545427 165
4484.12 0.6169347826086936 184
4602.115 0.6078144329896916 194
4730.27 0.6636632124352354 193
4843.351 0.6075430107526866 186
4957.236 0.6085935828876994 187
5070.495 0.6697218934911242 169
5184.006 0.7225095541401286 157
5303.19 0.7538291139240478 158
5429.641 0.6794731182795678 186
5542.854 0.5519073170731733 205
5656.326 0.5425550239234461 209
5769.966 0.6171902173913049 184
5883.712 0.5770050761421324 197
6016.595 0.7026613756613751 189
6129.521 0.6305083798882675 179
6242.737 0.5892604166666663 192
6355.951 0.5923350785340337 191
6469.583 0.5823282051282009 195
6584.201 0.7026993865030673 163
6715.695 0.7776508875739632 169
6828.883 0.5890208333333314 192
6942.307 0.5695728643216047 199
7055.394 0.5795384615384627 195
7168.992 0.6638596491228096 171
7285.948 0.625032085561499 187
7414.687 0.6880802139037447 187
7527.795 0.5460338164251229 207
7640.837 0.6887987804878088 164
7754.587 0.5982842105263204 190
7867.839 0.5803846153846163 195
7986.259 0.5744805825242711 206
8113.369 0.6867027027027025 185
8226.451 0.6278055555555511 180
8339.983 0.5818153846153832 195
8453.367 0.64746285714286 175
8567.139 0.5414095238095233 210
8686.579 0.6859885057471217 174
8813.041 0.6652368421052559 190
8926.062 0.5647500000000036 200
9039.675 0.5792602040816319 196
9153.208 0.5818205128205124 195
9266.78 0.6134648648648647 185
9399.865 0.6186372093023238 215
9513.031 0.5260325581395422 215
9626.247 0.5028488888888872 225
9739.318 0.6806867469879444 166
9852.921 0.5974947368421023 190
9967.423 0.6185297297297291 185
10098.756 0.8307721518987267 158
10211.872 0.573802030456847 197
10324.829 0.6377288135593255 177
10438.429 0.6272044198894996 181
10551.716 0.6819819277108479 166
10667.666 0.6437333333333299 180
10797.659 0.7257988826815623 179
10910.841 0.5411674641148382 209
11023.859 0.6490862068965558 174
11137.217 0.6548034682080974 173
11250.774 0.655965317919075 173
11367.718 0.6317135135135146 185
11496.069 0.7870061349693205 163
11609.484 0.5528634146341441 205
11722.6 0.6386384180790998 177
11836.408 0.6180923913043443 184
11949.658 0.6428125000000012 176
12068.156 0.6578666666666726 180
12194.953 0.7040499999999964 180
12308.2 0.6503965517241371 174
12421.42 0.6050374331550793 187
12534.727 0.6470342857142948 175
12648.262 0.5971368421052639 190
12768.408 0.6221139896373021 193
12894.628 0.6336884422110612 199
13007.842 0.6017872340425554 188
13121.116 0.6431590909090904 176
13234.45 0.5393285714285715 210
13348.308 0.5550243902439056 205
13480.644 0.7227267759562842 183
13593.485 0.6834303030303117 165
13706.905 0.6159891304347856 184
13820.184 0.7075062499999945 160
13933.303 0.6044973262032046 187
14048.732 0.5885357142857099 196
14179.336 0.6099953271027984 214
14292.426 0.5979576719576678 189
14405.531 0.6606842105263203 171
14518.746 0.5801897435897375 195
14632.6 0.6183586956521753 184
14748.962 0.7005301204819195 166
14878.396 0.646840000000002 200
14991.644 0.5191376146789013 218
15105.048 0.5104819819819871 222
15219.086 0.5325327102803716 214
15332.495 0.6550867052023117 173
15450.293 0.6649491525423724 177
15577.955 0.6254509803921596 204
15691.596 0.591463541666665 192
15804.799 0.6577209302325617 172
15917.984 0.5830360824742288 194
16031.507 0.5817743589743585 195
16151.417 0.6145230769230786 195
16277.457 0.6493402061855658 194
16390.572 0.5623781094527386 201
16503.703 0.6460228571428577 175
16617.011 0.6433522727272702 176
16730.961 0.6326388888888889 180
16863.145 0.7910958083832407 167
16976.154 0.5821185567010148 194
17089.378 0.6983209876543247 162
17202.755 0.6329441340782251 179
17316.29 0.5133800904977474 221
17432.424 0.6341857923497295 183
17562.406 0.6305388349514545 206
17675.586 0.5683567839195938 199
17788.83 0.6252265193370226 181
17902.178 0.6258121546961373 181
18016.065 0.6855963855421534 166
18133.1 0.6028659793814346 194
18261.703 0.7062472527472542 182
18375.013 0.5928376963350784 191
18488.3 0.6506206896551651 174
18601.942 0.5914791666666588 192
18715.269 0.5341981132075472 212
18833.134 0.6298716577539916 187
18960.407 0.8368749999999876 152
19073.478 0.652855491329477 173
19187.081 0.616983695652162 184
19300.521 0.5322159624413192 213
19413.778 0.6736904761904563 168
19533.084 0.6623666666666597 180
19659.684 0.7313988439306525 173
19772.517 0.5637900000000081 200
19885.786 0.5688090452261272 199
19999.374 0.627121546961316 181
20112.515 0.7201464968152756 157
20245.505 0.635952153110051 209
20358.609 0.5568325123152722 203
20471.717 0.5856424870466439 193
20585.197 0.5875751295336884 193
20698.416 0.6250883977900532 181
20812.579 0.5647722772277355 202
20944.596 0.7132270270270277 185
21057.687 0.5330943396226568 212
21171.018 0.5837731958762907 194
21284.39 0.6703786982248405 169
21397.552 0.6078655913978402 186
21513.308 0.684485207100591 169
21643.111 0.6267294685990347 207
21756.373 0.5441586538461601 208
21869.864 0.6829156626506109 166
21983.203 0.5749340101522967 197
22096.957 0.5920729166666661 192
22214.383 0.6175473684210661 190
22342.398 0.6494619289340077 197
22455.46 0.5230694444444453 216
22568.963 0.5532975609756072 205
22682.304 0.699166666666663 162
22795.905 0.5647910447761065 201
22915.036 0.6200729166666671 192
23041.52 0.6618691099476507 191
23154.741 0.661654970760234 171
23268.019 0.6395423728813588 177
23381.338 0.7167088607594808 158
23494.991 0.5736111111111147 198
23614.525 0.7465937500000109 160
23740.743 0.6855978260869446 184
23853.906 0.554348039215684 204
23967.275 0.5553529411764768 204
24080.557 0.6505977011494342 174
24194.257 0.6419491525423728 177
24326.853 0.7749590643274855 171
24440.024 0.5360284360189697 211
24553.131 0.588677083333342 192
24666.348 0.6465200000000186 175
24779.504 0.715683544303806 158
24893.908 0.5893092783505203 194
25025.599 0.7834642857142821 168
25138.833 0.5143409090909038 220
25252.122 0.5522439024390201 205
25365.447 0.6584127906976709 172
25478.738 0.6086666666666641 186
25594.862 0.6306847826087071 184
25724.763 0.8064099378881895 161
25837.816 0.5884218749999945 192
25951.274 0.6334078212290559 179
26064.545 0.6288499999999961 180
26178.151 0.6922621951219675 164
26295.186 0.6028659793814534 194
26423.329 0.7715301204819308 166
26536.278 0.7281999999999947 155
26649.801 0.5758680203045681 197
26763.2 0.6092688172043039 186
26877.137 0.580908163265307 196
26995.933 0.7610256410256485 156
27122.782 0.7370930232558072 172
27236.417 0.5356415094339646 212
27350.014 0.6339832402234646 179
27463.219 0.6319664804469239 179
27576.596 0.6744047619047793 168
27709.272 0.6597064676617034 201
27822.501 0.6183879781420812 183
27935.709 0.5684874371859154 199
28048.969 0.6052513368983995 187
28162.684 0.5681950000000142 200
28276.771 0.6000421052631665 190
28408.813 0.6802731958762791 194
28521.908 0.6349382022471923 178
28634.962 0.6311452513966399 179
28748.301 0.6122270270270206 185
28861.581 0.6581453488371936 172
28977.202 0.664040229885066 174
29107.625 0.7046054054053997 185
29220.372 0.5719238578680104 197
29333.647 0.5955315789473772 190
29446.915 0.6619239766081996 171
29560.605 0.6492057142857188 175
29677 0.6498156424580955 179
29806.466 0.6846507936508003 189
29919.767 0.5718383838383755 198
30032.942 0.6573662790697622 172
30146.604 0.5707839195979866 199
30260.126 0.5729545454545439 198
30378.398 0.5880298507462662 201
30506.185 0.7602202380952414 168
30619.252 0.5406220095693857 209
30732.673 0.6367584269662759 178
30845.621 0.6376892655367186 177
30959.137 0.6002063492063412 189
31078.157 0.703798816568042 169
31204.617 0.7060893854748571 179
31317.836 0.6984074074074064 162
31430.955 0.6077526881720499 186
31544.236 0.6119135135135219 185
31657.868 0.5649452736318412 201
31777.782 0.590325123152706 203
31903.779 0.6592931937172737 191
32016.85 0.5678040201004954 199
32129.865 0.6886524390244032 164
32243.335 0.626475138121546 181
32356.789 0.6369494382022495 178
32489.79 0.6712727272727286 198
32602.962 0.5860051813471416 193
32716.107 0.6246795580110447 181
32829.062 0.6759161676646526 167
32942.253 0.5712878787878685 198
33056.569 0.7276369426751681 157
33188.544 0.7805207100591899 169
33301.681 0.5710101010100892 198
33414.886 0.57135858585859 198
33528.256 0.6293944444444707 180
33641.623 0.6328938547486059 179
33757.685 0.6590056818181851 176
33887.385 0.6751614583333397 192
34000.607 0.5862435233160833 193
34113.753 0.5384238095237899 210
34227.339 0.6561156069364256 173
34340.806 0.7042422360248096 161
34458.618 0.6966508875739883 169
34586.288 0.6543692307692254 195
34699.25 0.6679408284023538 169
34812.623 0.6993209876543264 162
34925.795 0.6575290697674486 172
35039.212 0.6367303370786298 178
35157.944 0.648377049180359 183
35284.828 0.7330289017340953 173
35398.048 0.5802102564102731 195
35511.292 0.577382653061231 196
35624.515 0.5923874345549772 191
35738.206 0.6492171428571288 175
35857.711 0.7282012195122128 164
35983.919 0.7007722222222381 180
36096.963 0.6275833333333544 180
36210.041 0.6494482758620737 174
36323.253 0.6320167597765025 179
36436.646 0.6549884393063695 173
36569.478 0.6637750000000233 200
36682.426 0.603641711229953 187
36795.519 0.6011276595744811 188
36908.865 0.6547225433526002 173
37022.076 0.7592953020134365 149
37135.956 0.6184891304347611 184
37268.19 0.7552114285714508 175
37380.998 0.6554127906976731 172
37494.008 0.5675125628140952 199
37607.159 0.6387401129943542 177
37720.497 0.750019867549697 151
37835.43 0.6716666666666854 171
37966.214 0.7644093567251459 171
38079.445 0.592418848167549 191
38192.781 0.5579211822660178 203
38306.258 0.6300000000000081 180
38419.588 0.6905548780488039 164
38536.315 0.6339510869565461 184
38665.893 0.6507939698492179 199
38778.891 0.5109457013574737 221
38892.103 0.5600643564356517 202
39005.638 0.7367207792207906 154
39118.735 0.7848472222222477 144
39236.375 0.7168292682926687 164
39364.091 0.7050331491712549 181
39477.223 0.5357962085308051 211
39590.847 0.5355849056603853 212
39704.351 0.5728484848484802 198
39818.062 0.5709899497487457 199
39937.152 0.7778496732026052 153
40063.559 0.7565269461078071 167
40176.908 0.6742142857143075 168
40290.136 0.6018670212765852 188
40403.647 0.5325446009389704 213
40517.329 0.5488115942028955 207
40637.242 0.6808749999999733 176
40763.366 0.6705000000000199 188
40876.551 0.6081021505376147 186
40989.844 0.5549754901960613 204
41103.324 0.5586256157635371 203
41217.578 0.6450621468926524 177
41349.783 0.6954473684210634 190
41462.811 0.6929386503067517 163
41576.063 0.5658650000000125 200
41689.317 0.7595637583892813 149
41802.414 0.8761162790697693 129
41918.288 0.6468938547486128 179
42048.846 0.662345177664956 197
42161.942 0.5708030303030315 198
42275.11 0.6771796407185625 167
42388.61 0.6001058201058108 189
42502.685 0.5999842105262935 190
42619.65 0.5994153846153775 195
42748.412 0.7659166666666611 168
42861.587 0.6316312849161904 179
42974.901 0.5777295918367377 196
43088.504 0.600656084656072 189
43201.942 0.5997883597883629 189
43319.79 0.7225092024539892 163
43447.842 0.7109944444444409 180
43561.068 0.598656084656088 189
43674.405 0.5808256410256338 195
43787.737 0.5606584158416051 202
43901.395 0.6041436170212654 188
44021.103 0.5893054187192158 203
44147.155 0.699911111111093 180
44260.566 0.5695075376884531 199
44373.757 0.6048877005347668 187
44487.301 0.5645024875621717 201
44600.986 0.6490171428571089 175
44733.996 0.710882352941164 187
44847.232 0.5493834951456432 206
44960.818 0.5303925233644898 214
45074.177 0.5012522123893942 226
45187.618 0.6297944444444713 180
45302.028 0.6887409638554115 166
45433.895 0.6793659793814364 194
45546.996 0.5540294117646922 204
45660.393 0.5752233502537861 197
45773.529 0.6142282608695852 184
45887.245 0.576837563451789 197
46003.971 0.5718284313725414 204
46133.185 0.7018749999999826 184
46246.181 0.6379548022598749 177
46359.531 0.5720757575757608 198
46473.182 0.5854329896907243 194
46586.643 0.6063262032085259 187
46704.498 0.5801773399014681 203
46832.501 0.6150721153846042 208
46945.734 0.646605714285688 175
47058.883 0.541033492822971 209
47172.033 0.7744589041096134 146
47285.243 0.6654882352941273 170
47404.781 0.7560759493670831 158
47530.954 0.7551197604790175 167
47644.07 0.6210879120879147 182
47757.605 0.5507669902912913 206
47871.056 0.6029627659574273 188
47984.815 0.5336854460094034 213
48117.433 0.6694040404040101 198
48230.548 0.5856839378238544 193
48343.635 0.5825154639175342 194
48456.976 0.7260448717948654 156
48570.261 0.6945337423312594 163
48686.203 0.524271493212676 221
48816.367 0.6883280423280281 189
48929.422 0.5943421052631349 190
49042.415 0.5702828282828154 198
49155.805 0.5665599999999904 200
49269.678 0.5835641025640936 195
49386.826 0.6003589743589729 195
49515.357 0.6391293532338497 201
49628.689 0.5342075471698132 212
49742.178 0.6832048192770881 166
49855.246 0.7337077922078039 154
49968.896 0.5854175257732142 194
50087.149 0.69926035502956 169
50213.941 0.6849945945946053 185
50327.514 0.5880518134715339 193
50440.878 0.5103018018017866 222
50554.467 0.6102849462365538 186
50668.304 0.6427062146892554 177
50788.398 0.6819090909091094 176
50914.207 0.6651534391534388 189
51027.442 0.6540809248555068 173
51140.843 0.6192459016393449 183
51254.392 0.6166956521739216 184
51368.407 0.6226065573770387 183
51500.629 0.8056707317073011 164
51613.809 0.5860362694300684 193
51726.895 0.6011063829786933 188
51840.353 0.6669352941176518 170
51953.515 0.6613099415204828 171
52068.722 0.6578800000000047 175
52199.449 0.7466228571428551 175
52312.762 0.49447161572054155 229
52425.96 0.5656049999999959 200
52539.502 0.5730505050505048 198
52653.21 0.6175543478260728 184
52769.355 0.7164753086419947 162
52898.181 0.7709999999999868 167
53011.087 0.5906492146596779 191
53124.35 0.574522842639578 197
53238.236 0.5149592760180853 221
53351.489 0.5744873096446653 197
53469.443 0.5482558139534883 215
53596.845 0.749017647058816 170
53709.876 0.7194585987260794 157
53823.55 0.6107311827957258 186
53936.747 0.5742030456852905 197
54050.366 0.5975842105263406 190
54169.568 0.6846264367816092 174
54296.147 0.7485798816567737 169
54409.53 0.4926260869565063 230
54522.721 0.5572068965517121 203
54636.154 0.6061764705882524 187
54749.598 0.6194918032786796 183
54882.353 0.737088888888886 180
54995.379 0.6073225806451588 186
55108.534 0.6145217391304354 184
55221.755 0.6149184782608522 184
55335.057 0.618710382513672 183
55448.66 0.7371818181818526 154
55581.339 0.6344641148325493 209
55694.561 0.5772755102040849 196
55807.745 0.6016276595744668 188
55920.869 0.6459714285714185 175
56033.774 0.7890139860139713 143
56148.147 0.634977777777749 180
56279.916 0.6788505154639182 194
56393.179 0.6657882352940814 170
56506.454 0.5576354679802812 203
56619.911 0.5585221674876718 203
56733.35 0.6094731182795752 186
56849.869 0.6193723404255078 188
56979.501 0.7041521739130353 184
57093.124 0.5565931372549291 204
57206.178 0.6645764705882518 170
57319.738 0.5645870646765987 201
57433.302 0.5790204081632899 196
57550.801 0.6212751322751434 189
57679.138 0.6381542288557226 201
57792.488 0.4968070175438474 228
57906.068 0.5303878504672755 214
58019.329 0.5415406698564627 209
58133.135 0.6048404255319102 188
58252.842 0.6466270270270085 185
58379.047 0.643556122448955 196
58491.889 0.5934999999999969 190
58605.223 0.5524634146341335 205
58718.575 0.5607673267326444 202
58832.297 0.585793814432991 194
58964.981 0.7286043956043943 182
59078.098 0.5827010309278438 194
59191.292 0.6282888888889122 180
59304.55 0.6777185628742738 167
59418.013 0.5999365079365027 189
59532.742 0.6665697674418689 172
59664.009 0.7053655913978316 186
59777.093 0.5736294416243521 197
59890.32 0.5028888888888954 225
60003.751 0.5873212435232928 193
60117.179 0.6404011299434752 177
60233.429 0.6914880952380849 168
60363.281 0.7015351351351332 185
