432.064 0.6974883720930234 258
596.437 0.3530199115044248 452
724.041 0.30879903147699783 413
849.764 0.393884012539185 319
970.862 0.4246350877192981 285
1093.574 0.5308917748917752 231
1216.817 0.4868893280632411 253
1327.019 0.5005636363636364 220
1440.049 0.6206208791208789 182
1564.964 0.7216589595375721 173
1674.928 0.5063917050691252 217
1785.052 0.5586294416243652 197
1912.91 0.7138603351955317 179
2022.805 0.5631692307692306 195
2132.925 0.5316135265700488 207
2261.294 0.7167262569832394 179
2371.802 0.6033278688524596 183
2481.766 0.572307291666668 192
2609.821 0.603665094339622 212
2719.759 0.5232142857142857 210
2829.872 0.5142056074766354 214
2943.472 0.6880424242424245 165
3067.408 0.6162736318407965 201
3177.259 0.5303091787439608 207
3288.535 0.5171999999999993 215
3415.377 0.7162598870056486 177
3525.2 0.5776052631578942 190
3635.201 0.6039780219780219 182
3763.201 0.7394277456647389 173
3873.018 0.6130782122905027 179
3983.401 0.5277799043062202 209
4111.68 0.6642694300518144 193
4222.093 0.5475522388059701 201
4331.996 0.5841755319148927 188
4446.727 0.6991036585365868 164
4569.888 0.6838499999999992 180
4679.627 0.6338843930635853 173
4790.754 0.6274011299435038 177
4917.586 0.732774566473991 173
5027.313 0.5991857923497259 183
5137.333 0.6318448275862057 174
5265.195 0.7429476744186009 172
5375.145 0.5063179723502309 217
5485.43 0.586218085106387 188
5613.793 0.6545153061224482 196
5723.513 0.5991475409836078 183
5833.246 0.6230454545454542 176
5947.852 0.5965000000000013 192
6071.114 0.6068571428571429 203
6181.122 0.5310724637681193 207
6292.694 0.6228826815642463 179
6419.247 0.7905312500000037 160
6529.119 0.5573401015228394 197
6639.322 0.6634096385542181 166
6767.254 0.7702108433734913 166
6876.978 0.5926972972972991 185
6986.846 0.6694512195121949 164
7115.45 0.6269756097560963 205
7225.264 0.4988090909090922 220
7335.321 0.5498950000000014 200
7449.75 0.7377548387096765 155
7573.214 0.6527619047619063 189
7683.172 0.4777173913043478 230
7795.382 0.5005982142857144 224
7921.252 0.7229942528735654 174
8031.205 0.5844361702127648 188
8141.279 0.6214519774011317 177
8269.547 0.7121722222222262 180
8379.584 0.5697357512953406 193
8489.583 0.5666185567010356 194
8617.953 0.712738888888887 180
8727.677 0.6526488095238121 168
8837.586 0.6422865497076031 171
8952.773 0.6731578947368348 171
9075.028 0.6330984455958555 193
9184.829 0.6690304878048753 164
9296.82 0.5459268292682881 205
9422.862 0.6959944751381135 181
9532.637 0.5773842105263228 190
9642.596 0.6037527472527462 182
9770.604 0.7029285714285664 182
9880.324 0.592675675675678 185
9990.114 0.6530535714285699 168
10118.135 0.6240097560975634 205
10227.835 0.5451343283582005 201
10337.737 0.513196261682237 214
10453.447 0.5668333333333334 204
10575.381 0.5944634146341453 205
10685.205 0.590043010752686 186
10797.788 0.6320561797752877 178
10923.193 0.5968428571428549 210
11033.393 0.539828431372549 204
11143.711 0.562454081632653 196
11271.777 0.677190476190474 189
11381.583 0.5541868686868746 198
11491.806 0.5921881720430153 186
11620.157 0.7166089385474818 179
11729.788 0.5477700000000004 200
11839.864 0.6145139664804447 179
11955.877 0.6860118343195248 169
12077.346 0.6356073298429311 191
12187.481 0.5421527093596004 203
12301.242 0.6079304812834273 187
12425.848 0.607497560975611 205
12535.637 0.5835744680851136 188
12645.976 0.6125722222222268 180
12774.179 0.6924810810810831 185
12883.939 0.602494505494508 182
12994.072 0.582312169312173 189
13122.45 0.6752684210526384 190
13232.418 0.5360536585365835 205
13342.495 0.6432748538011696 171
13470.453 0.6558051282051262 195
13580.3 0.5106139534883686 215
13689.799 0.5498693467336728 199
13803.534 0.7103624999999966 160
13927.616 0.6928379888268158 179
14037.351 0.6375523255814038 172
14147.788 0.5808421052631609 190
14275.657 0.6454292929292933 198
14385.508 0.455502074688796 241
14495.668 0.484947136563879 227
14623.79 0.6703979057591638 191
14733.636 0.590161290322583 186
14843.86 0.5858882978723449 188
14971.981 0.6126507177033487 209
15084.008 0.5648787878787856 198
15197.009 0.6204615384615434 182
15309.447 0.5881413612565495 191
15421.642 0.5605900000000019 200
15539.473 0.6101191709844591 193
15664.75 0.711403409090911 176
15776.906 0.7048867924528374 159
15888.968 0.6587529411764776 170
16001.501 0.6282346368715068 179
16113.501 0.5953351063829824 188
16231.188 0.7304968944099415 161
16356.499 0.7197873563218413 174
16468.722 0.5871361256544599 191
16580.781 0.60205376344086 186
16693.741 0.5941052631579001 190
16806.214 0.5763794871794884 195
16925.022 0.5446422018348622 218
17049.559 0.7031977401129963 177
17161.077 0.5256650943396346 212
17272.98 0.6012096774193587 186
17385.255 0.584364583333335 192
17497.889 0.5385454545454569 209
17629.764 0.6276142857142812 210
17741.567 0.5078454545454488 220
17853.421 0.6175469613259559 181
17965.758 0.6067027027027113 185
18077.975 0.53397142857142 210
18191.919 0.5721909547738784 199
18321.905 0.6246009615384502 208
18433.674 0.5502019704433443 203
18545.647 0.5797616580310893 193
18657.924 0.6064756756756774 185
18770.504 0.5952486772486794 189
18885.901 0.655238636363637 176
19013.676 0.5858027522935693 218
19125.621 0.5537970297029622 202
19237.668 0.5515665024630579 203
19350.149 0.5823782383419754 193
19462.508 0.5786546391752672 194
19579.476 0.6604067796610159 177
19706.074 0.7486982248520642 169
19818.002 0.6465375722543281 173
19930.029 0.6151098901098742 182
20042.422 0.6685357142857052 168
20154.902 0.5483121951219445 205
20270.87 0.6230698924731163 186
20397.928 0.6939398907103725 183
20509.797 0.5348708133971314 209
20621.474 0.6526198830409248 171
20733.867 0.6309775280898792 178
20845.988 0.7228580645161387 155
20961.65 0.7705600000000171 150
21089.128 0.7039116022099416 181
21201.397 0.5581641791044902 201
21313.094 0.603345945945959 185
21425.684 0.5569900990099131 202
21537.764 0.6188011049723791 181
21653.951 0.6047343750000019 192
21781.384 0.6274088669950628 203
21893.208 0.561537688442207 199
22005.358 0.61917679558011 181
22117.822 0.6075135135135104 185
22230.331 0.567838383838369 198
22347.028 0.6303891891891859 185
22473.678 0.7192215909090837 176
22585.535 0.5852303664921394 191
22697.937 0.5701675126903569 197
22809.939 0.7315359477124136 153
22922.463 0.6352824858757046 177
23040.244 0.6067216494845252 194
23166.614 0.6410406091370551 197
23278.546 0.6046108108108063 185
23390.637 0.6055027027027029 185
23502.431 0.668970059880244 167
23614.916 0.5706091370558368 197
23732.317 0.6016666666666703 195
23858.546 0.6675132275132267 189
23970.453 0.5300142180094899 211
24083.128 0.5546748768473004 203
24195.295 0.6125027322404357 183
24307.332 0.6325197740112899 177
24424.364 0.5877085427135756 199
24551.184 0.7544702380952393 168
24662.848 0.5579300000000148 200
24775.046 0.6370738636363636 176
24886.929 0.6576941176470641 170
24999.039 0.6055891891891872 185
25116.174 0.6539608938547344 179
25242.278 0.6333417085427129 199
25354.272 0.5406618357487984 207
25466.359 0.6588999999999942 170
25578.275 0.673734939759037 166
25690.473 0.6595470588235484 170
25807.933 0.6311021505376454 186
25933.38 0.6496269430051845 193
26045.4 0.5860890052356175 191
26157.289 0.5979197860962647 187
26269.423 0.6330847457627147 177
26381.506 0.6588588235294189 170
26500.012 0.654309392265195 181
26624.851 0.639856410256396 195
26736.474 0.5662182741116663 197
26848.925 0.6107228260869543 184
26961.077 0.6261061452513984 179
27073.641 0.694345679012348 162
27205.406 0.6551641791044691 201
27317.388 0.5623919597989822 199
27429.439 0.5462097560975518 205
27541.375 0.6355568181818192 176
27653.93 0.5709441624365419 197
27766.079 0.6057891891891887 185
27884.361 0.576604878048788 205
28009.222 0.7517530120481992 166
28121.826 0.5489121951219603 205
28233.861 0.6289662921348425 178
28346.838 0.5759285714285787 196
28459.203 0.5787989690721663 194
28577.865 0.6341443850267527 187
28702.785 0.7093806818181747 176
28814.783 0.60497837837837 185
28926.642 0.6461502890173391 173
29038.789 0.568883248730963 197
29151.439 0.6019999999999833 187
29268.958 0.5931414141414096 198
29394.782 0.654953125000001 192
29506.699 0.6012956989247331 186
29619.137 0.576215384615371 195
29731.295 0.6403028571428565 175
29843.842 0.601433155080218 187
29961.165 0.6624067796610124 177
30087.487 0.7214400000000023 175
30199.137 0.5287772511848347 211
30311.731 0.6216408839778996 181
30424.278 0.576769230769218 195
30536.567 0.5937089947089912 189
30653.343 0.663062500000003 176
30780.059 0.6332400000000052 200
30892.191 0.5602599999999984 200
31004.209 0.6083695652173842 184
31116.612 0.5452718446601987 206
31229.213 0.6542034883720991 172
31345.563 0.6184574468084936 188
31473.089 0.6708315789473617 190
31585.168 0.49123684210526497 228
31697.315 0.6710718562874222 167
31809.8 0.5564455445544466 202
31921.872 0.622172222222212 180
32038.588 0.6043419689119119 193
32164.754 0.6601884816753998 191
32276.662 0.5481764705882418 204
32388.772 0.6293876404494329 178
32500.942 0.5994117647058831 187
32613.207 0.5266901408450595 213
32731.082 0.5860497512437735 201
32856.805 0.592702830188689 212
32969.04 0.6265642458100493 179
33081.329 0.6486184971098017 173
33194.046 0.5603830845771266 201
33306.287 0.5903210526315793 190
33424.04 0.5883799999999973 200
33549.78 0.5817731481481503 216
33661.942 0.5868167539267128 191
33774.295 0.6169120879120793 182
33886.312 0.5740564102564046 195
33998.911 0.6251111111110933 180
34115.991 0.6358804347826109 184
34242.277 0.6642842105263155 190
34353.979 0.544507317073152 205
34466.081 0.6830365853658317 164
34578.384 0.7102784810126247 158
34690.457 0.5894526315789431 190
34807.75 0.6405245901639364 183
34933.649 0.6990499999999884 180
35045.788 0.4809442060085737 233
35158.132 0.4945550660792757 227
35270.66 0.6012245989305012 187
35382.837 0.718583333333346 156
35499.083 0.6453722222222293 180
35626.029 0.65401546391753 194
35737.873 0.5882368421052601 190
35849.689 0.5943457446808563 188
35962.07 0.5910631578947543 190
36074.139 0.6746325301204903 166
36190.034 0.6890833333333527 168
36317.37 0.7314252873563429 174
36429.564 0.5749435897435969 195
36541.628 0.6256145251396681 179
36654.179 0.588848167539235 191
36766.618 0.6311235955056392 178
36882.018 0.6301803278688344 183
37009.548 0.8067025316455858 158
37121.792 0.5315876777251226 211
37234.028 0.5781237113401825 194
37346.55 0.5405817307692604 208
37459.131 0.6081297297297341 185
37573.854 0.7256075949367129 158
37702.552 0.6463768844221146 199
37814.682 0.5897526315789468 190
37926.556 0.5427038834951391 206
38039.057 0.5979946808510771 188
38151.565 0.6940123456790142 162
38265.17 0.6203551912568386 183
38395.374 0.7229777777778105 180
38507.487 0.5804870466321226 193
38619.878 0.6170164835164762 182
38732.193 0.5875916230366279 191
38844.397 0.655695906432726 171
38957.765 0.6625029239766109 171
39088.232 0.7204198895027659 181
39200.243 0.6150164835165085 182
39312.451 0.5809792746114032 193
39424.66 0.7376710526316043 152
39536.868 0.6093967391304392 184
39649.64 0.6999378881987722 161
39781.072 0.7024278074866276 187
39892.772 0.5783730569948009 193
40004.645 0.5273301886792189 212
40116.801 0.5898684210526163 190
40229.043 0.5498088235294121 204
40342.11 0.5593316831683197 202
40473.476 0.6499603960396103 202
40585.374 0.5619145728643394 199
40698.006 0.5186728110599231 217
40810.371 0.558631840796001 201
40922.609 0.6597705882352944 170
41035.032 0.6456666666666536 174
41166.763 0.6210047169811247 212
41278.58 0.5126009174312065 218
41390.514 0.5887263157894747 190
41502.719 0.6595823529411813 170
41615.065 0.6489595375722779 173
41727.574 0.5948835978835834 189
41859.247 0.7151847826087206 184
41971.471 0.5635829145728565 199
42083.257 0.6770060606060504 165
42195.381 0.6023870967742027 186
42307.92 0.5767076923076857 195
42420.855 0.5908638743455665 191
42552.366 0.6845572916666924 192
42664.108 0.5815781250000024 192
42775.747 0.5721076923077001 195
42887.839 0.560064999999995 200
43000.44 0.6619000000000062 170
43113.583 0.5569704433497652 203
43244.435 0.7878373493975627 166
43356.435 0.5624170854271097 199
43468.35 0.5705867346938731 196
43580.758 0.5506421568627369 204
43693.248 0.559263681592023 201
43807.891 0.6328563535911931 181
43937.791 0.6395320197044192 203
44050.103 0.5697055837563635 197
44161.993 0.5790932642487017 193
44274.235 0.5664848484848335 198
44386.699 0.5946560846560816 189
44501.125 0.5745979899497546 199
44630.659 0.7152928176795622 181
44742.49 0.673228915662658 166
44854.529 0.6997562500000185 160
44966.987 0.6074702702702584 185
45079.541 0.6354802259886776 177
45193.216 0.5651542288557101 201
45323.597 0.6858578947368522 190
45435.534 0.5707091836734528 196
45547.736 0.629910112359529 178
45659.857 0.5492303921568878 204
45772.32 0.6534011627907095 172
45885.992 0.5708241206030016 199
46016.127 0.7835481927711033 166
46128.123 0.6017096774193432 186
46240.101 0.5379807692307762 208
46352.148 0.51598156682028 217
46464.482 0.5345523809523868 210
46578.354 0.5444688995215392 209
46708.614 0.6780989583333318 192
46820.413 0.5503448275862126 203
46932.199 0.607108695652167 184
47044.178 0.6114754098360735 183
47156.44 0.6302415730337334 178
47271.384 0.6109946808510551 188
47399.943 0.617745192307701 208
47511.862 0.49268281938325964 227
47623.497 0.5605929648241434 199
47735.673 0.5719336734693978 196
47848.523 0.5474368932039052 206
47963.637 0.608656084656085 189
48091.907 0.6967445652173964 184
48204.156 0.5694060913705711 197
48316.181 0.6397028571428381 175
48428.549 0.5700000000000044 197
48540.742 0.6480578034682162 173
48655.592 0.5681732673266998 202
48784.807 0.639331683168337 202
48896.69 0.5915608465608481 189
49009.328 0.5712791878172654 197
49121.558 0.6838170731707356 164
49233.976 0.6531395348837429 172
49349.304 0.6033979057591422 191
49477.731 0.7170782122904823 179
49589.663 0.5677664974619215 197
49701.669 0.5922063492063667 189
49814.343 0.549253658536593 205
49926.407 0.6549356725146127 171
50042.297 0.62942391304347 184
50169.626 0.6805561497325967 187
50281.522 0.5793626943004946 193
50393.538 0.6584647058823441 170
50505.81 0.5753487179487143 195
50617.847 0.6785272727272857 165
50734.054 0.6080052356020604 191
50861.248 0.6324676616915252 201
50973.44 0.5869790575916484 191
51085.76 0.5668838383838496 198
51198.026 0.5694873096446623 197
51310.214 0.6159890109890142 182
51426.897 0.6303081081080882 185
51553.661 0.7198749999999812 176
51665.798 0.5897789473684449 190
51777.892 0.7369605263157657 152
51890.696 0.5871145833333458 192
52002.979 0.5695837563451711 197
52119.302 0.5670536585366169 205
52246.352 0.6939071038251398 183
52358.097 0.6273539325842792 178
52470.276 0.5899947368420774 190
52582.576 0.5845000000000103 192
52694.958 0.6239277777777816 180
52811.41 0.6927202380952405 168
52938.015 0.695247252747232 182
53050.295 0.5342904761904806 210
53162.386 0.6087771739130403 184
53274.611 0.5692842639593787 197
53387.127 0.4867532467532568 231
53505.195 0.5539436619718214 213
53630.698 0.6601789473683886 190
53743.052 0.5372296650717832 209
53854.869 0.6072934782608607 184
53967.017 0.5837031249999806 192
54079.377 0.6490346820809427 173
54197.727 0.5255822222222276 225
54323.074 0.655879581151838 191
54435.508 0.5791597938144516 194
54547.957 0.5792164948453722 194
54660.38 0.5851302083333015 192
54772.649 0.5554009900990045 202
54891.27 0.6239105263157781 190
55016.127 0.5970717703349304 209
55127.918 0.6571294117647032 170
55239.992 0.6436494252873296 174
55352.219 0.5751230769230646 195
55464.587 0.6169780219780268 182
55583.447 0.6599055555555727 180
55708.579 0.7400118343195152 169
55820.537 0.5888421052631441 190
55932.894 0.5613950000000113 200
56045.064 0.6516976744185867 172
56157.449 0.6932469135802725 162
56288.851 0.7816964285714546 168
56400.787 0.5796424870466279 193
56512.731 0.6284662921348223 178
56624.896 0.6441781609195375 174
56737.498 0.5860677083333409 192
56849.974 0.5301792452830238 212
56981.789 0.6457745098039096 204
57093.495 0.5472156862745347 204
57205.91 0.524929906542086 214
57318.216 0.5784896907216441 194
57430.694 0.5884973821989827 191
57545.305 0.6224673913043459 184
57674.574 0.6694455958549292 193
57786.276 0.5783834196891035 193
57898.153 0.6316497175141019 177
58010.433 0.5053243243243275 222
58123.15 0.6223259668508467 181
58238.62 0.6410722222222426 180
58365.783 0.8095350318471438 157
58477.758 0.6822987804878322 164
58590.119 0.5371100478468958 209
58702.859 0.5263457943925187 214
58815.187 0.5502499999999831 204
58932.182 0.6680914285714139 175
59058.804 0.5886139534883537 215
59170.868 0.5489607843137492 204
59282.883 0.6288707865168455 178
59395.474 0.6114239130434804 184
59507.749 0.5724081632653201 196
59626.338 0.5563755868544678 213
59750.975 0.7549818181818189 165
59863.12 0.5898421052631564 190
59974.969 0.6536257309941333 171
60087.186 0.6195635359116202 181
60199.444 0.6447068965517455 174
60317.85 0.6879476744185901 172
