454.661 0.7098825757575757 264
621.928 0.3249246031746032 504
747.871 0.2724632034632033 462
871.346 0.37169277108433746 332
986.797 0.4827489539748957 239
1103.988 0.5447348837209305 215
1224.537 0.6349312169312167 189
1331.872 0.5958833333333334 180
1440.012 0.6589329268292686 164
1564.15 0.8439863945578233 147
1671.355 0.6264853801169585 171
1778.056 0.6923896103896099 154
1902.741 0.6699408602150534 186
2010.199 0.5162932692307698 208
2117.418 0.5126507177033504 209
2230.781 0.593136125654449 191
2349.614 0.5998232323232316 198
2457.469 0.5498928571428571 196
2567.307 0.6097888888888873 180
2689.185 0.7000689655172408 174
2796.556 0.5446548223350255 197
2904.167 0.5350149253731343 201
3028.523 0.615257425742575 202
3135.894 0.5895659340659337 182
3243.216 0.6539451219512186 164
3368.008 0.6814207650273214 183
3475.606 0.5095734597156418 211
3582.804 0.5356200000000012 200
3693.404 0.6657831325301203 166
3814.705 0.6122878787878774 198
3921.887 0.6227151162790696 172
4029.335 0.5835434782608687 184
4153.522 0.7613987730061332 163
4260.867 0.6581165644171788 163
4368.426 0.5809891891891902 185
4493.173 0.6926166666666631 180
4600.661 0.45709361702127815 235
4708.317 0.5460913705583753 197
4820.567 0.5842447916666677 192
4940.262 0.6683296089385442 179
5047.493 0.7708920863309385 139
5155.601 0.7061045751633964 153
5279.283 0.6681621621621653 185
5386.628 0.5586979166666642 192
5494.12 0.5565647668393755 193
5618.783 0.7119371428571425 175
5725.923 0.6049096045197713 177
5833.139 0.6053107344632787 177
5957.725 0.6879060773480686 181
6064.788 0.5458673469387744 196
6172.064 0.6056497175141284 177
6282.1 0.5286634615384637 208
6404.188 0.730664670658681 167
6511.663 0.5774139784946206 186
6618.949 0.6233197674418566 172
6743.373 0.8021419354838673 155
6850.596 0.615821839080456 174
6957.963 0.5799567567567538 185
7082.292 0.660925531914898 188
7189.578 0.5923370165745893 181
7297.167 0.6324411764705902 170
7408.241 0.6166666666666667 180
7528.385 0.6671166666666674 180
7635.855 0.5564559585492214 193
7743.421 0.655439024390245 164
7867.372 0.7507818181818177 165
7974.521 0.5274729064039375 203
8081.866 0.6273040935672528 171
8206.822 0.8270132450331119 151
8314.176 0.5993407821229008 179
8421.387 0.6339408284023693 169
8533.571 0.5719081632653017 196
8652.545 0.6569337016574622 181
8759.886 0.5500769230769295 195
8869.561 0.6227272727272748 176
8992.61 0.7233823529411786 170
9099.841 0.6697250000000053 160
9207.478 0.5845760869565212 184
9331.88 0.735662721893487 169
9438.992 0.6116742857142838 175
9548.532 0.639438596491223 171
9658.572 0.6356184971098239 173
9773.902 0.698503030303034 165
9896.12 0.7587142857142872 161
10005.845 0.5710937499999981 192
10115.488 0.6260914285714223 175
10225.185 0.6056519337016552 181
10334.464 0.7583680555555551 144
10450.328 0.6258864864864803 185
10572.34 0.7048786127167601 173
10681.675 0.5408910891089029 202
10791.193 0.6926708860759436 158
10900.529 0.5906000000000022 185
11010.141 0.6018571428571454 182
11138.004 0.6621139896373082 193
11247.377 0.5908216216216199 185
11356.808 0.662763636363646 165
11466.423 0.6720184049079796 163
11576.266 0.5807777777777768 189
11686.627 0.599380434782609 184
11814.004 0.6562010309278439 194
11923.334 0.6172655367231707 177
12032.869 0.6014285714285766 182
12142.641 0.6232727272727268 176
12251.93 0.6205340909090906 176
12363.411 0.6711144578313293 166
12489.325 0.7232528735632262 174
12598.945 0.5532727272727216 198
12708.47 0.6711840490797562 163
12817.966 0.6398888888888905 171
12927.76 0.5962989130434835 184
13040.307 0.6775361445783215 166
13165.241 0.6713225806451613 186
13274.714 0.5913783783783819 185
13384.488 0.5743403141361189 191
13494.62 0.5673041237113438 194
13603.971 0.6504404761904728 168
13717.16 0.6575465116279067 172
13840.953 0.6546243386243394 189
13950.252 0.5688802083333352 192
14059.797 0.7017243589743651 156
14169.094 0.6619393939393899 165
14278.738 0.5890806451612877 186
14393.534 0.6708713450292347 171
14515.933 0.7196176470588291 170
14625.208 0.5543299492385855 197
14734.894 0.6642969696969719 165
14844.163 0.6461183431952741 169
14953.679 0.5758684210526361 190
15081.457 0.6616683937823893 193
15190.746 0.5748157894736754 190
15300.284 0.6327283236994192 173
15409.665 0.6140730337078668 178
15519.106 0.6509880952380952 168
15628.592 0.6795776397515544 161
15756.176 0.6818663101604279 187
15865.956 0.5351609756097587 205
15975.414 0.5977213114754089 183
16084.93 0.6289712643678201 174
16194.542 0.5560203045685282 197
16305.482 0.5515572139303452 201
16432.125 0.7191477272727256 176
16541.514 0.5438756218905448 201
16651.081 0.6082833333333232 180
16760.59 0.5883655913978576 186
16870.565 0.552251256281394 199
16982.9 0.6762710843373629 166
17107.658 0.7291871345029175 171
17217.238 0.5733560209424201 191
17326.665 0.6432352941176599 170
17436.319 0.5859786096256562 187
17546.121 0.6650181818181767 165
17658.863 0.5961269841269919 189
17783.351 0.7318941176470509 170
17893.062 0.5509698492462313 199
18002.762 0.6336705202312138 173
18112.41 0.5828457446808549 188
18221.842 0.6709018404907974 163
18335.983 0.7604399999999927 150
18458.979 0.7188947368421081 171
18568.342 0.6543233532934182 167
18678.14 0.6857749999999896 160
18787.69 0.6516190476190353 168
18897.395 0.6055801104972408 181
19012.048 0.6400670391061459 179
19134.639 0.6482857142857038 189
19244.564 0.4577124999999948 240
19354.002 0.6008901098901154 182
19463.304 0.5968688524590107 183
19572.386 0.6450177514792781 169
19700.105 0.7130837988826806 179
19809.498 0.6393040935672509 171
19918.921 0.6177796610169375 177
20028.247 0.6278678160919529 174
20137.624 0.7051548387096714 155
20247.638 0.558065989847708 197
20374.771 0.7747560975609836 164
20484.304 0.647686390532538 169
20593.758 0.6214715909090955 176
20703.656 0.6348150289017359 173
20812.869 0.6236399999999932 175
20924.515 0.6375428571428555 175
21050.783 0.6677195767195795 189
21159.864 0.5343480392156933 204
21269.378 0.6289540229885168 174
21378.988 0.6119106145251557 179
21488.619 0.7502671232876509 146
21600.737 0.718217948717957 156
21725.569 0.7170459770114921 174
21834.658 0.5861290322580669 186
21944.22 0.5823670212765989 188
22054.196 0.5578629441624429 197
22163.655 0.6076777777777654 180
22277.737 0.62300000000001 183
22400.763 0.7497621951219471 164
22510.779 0.604093406593405 182
22620.147 0.6391461988304192 171
22729.904 0.6303505747126256 174
22839.542 0.6053204419889608 181
22954.654 0.6355635359116036 181
23077.275 0.6733846153846181 182
23186.506 0.642100000000017 170
23295.827 0.6278505747126599 174
23405.388 0.5263701923076951 208
23514.774 0.6106759776536398 179
23642.882 0.7487192982456297 171
23752.259 0.5876344086021467 186
23861.788 0.5613076923077013 195
23970.983 0.6573493975903553 166
24080.66 0.6805527950310528 161
24191.184 0.6002391304347799 184
24318.544 0.7071500000000015 180
24427.792 0.5998626373626533 182
24537.35 0.6292126436781619 174
24647.13 0.6027692307692393 182
24756.725 0.7065935483870788 155
24868.224 0.6330909090909038 176
24994.71 0.7569999999999883 167
25104.292 0.640397660818723 171
25213.762 0.7150000000000029 153
25323.445 0.7026025641025626 156
25432.927 0.6287758620689612 174
25544.784 0.6614260355029529 169
25670.028 0.7872641509433916 159
25779.631 0.46411864406780884 236
25889.366 0.5623641025641029 195
25999.033 0.6641878787878809 165
26108.416 0.7052258064516214 155
26221.328 0.6965185185185369 162
26345.831 0.6689999999999864 186
26455.225 0.5255961538461389 208
26564.484 0.7230728476821265 151
26674.259 0.6027307692307499 182
26783.855 0.6294195402298864 174
26897.403 0.6484171428571323 175
27021.153 0.6033365853658413 205
27130.827 0.5244114832536009 209
27240.751 0.6499881656804839 169
27350.383 0.6120558659217927 179
27459.568 0.6533532934131772 167
27574.768 0.6431620111731855 179
27696.871 0.7136608187134507 171
27806.305 0.6321271676300588 173
27915.479 0.6163728813559217 177
28024.796 0.6137247191011156 178
28134.357 0.6256171428571439 175
28262.109 0.7015164835164807 182
28371.426 0.6002362637362559 182
28481.005 0.6677073170731757 164
28590.617 0.6295114942528727 174
28700.141 0.6326184971098225 173
28810.793 0.5528850000000056 200
28937.636 0.7003812154696145 181
29047.206 0.5761578947368291 190
29156.588 0.6624606060606091 165
29266.525 0.627685714285721 175
29376.065 0.5822287234042496 188
29487.962 0.5885263157894721 190
29613.18 0.6656968085106472 188
29722.74 0.516466981132084 212
29832.172 0.5755526315789451 190
29941.765 0.6152640449438193 178
30051.075 0.6425529411764728 170
30164.226 0.5682211055276246 199
30288.67 0.6871767955800949 181
30397.814 0.5740684210526141 190
30507.5 0.6123575418994469 179
30617.185 0.6850562500000024 160
30726.343 0.5960765027322522 183
30840.167 0.7483421052631553 152
30962.895 0.6739670329670344 182
31072.732 0.6418830409356655 171
31182.183 0.7011217948717948 156
31291.672 0.6288160919540059 174
31401.331 0.6087944444444373 180
31516.383 0.7514771241830221 153
31638.733 0.6435999999999982 190
31747.955 0.5899783783783819 185
31857.351 0.6625515151515147 165
31966.982 0.6224715909090925 176
32076.642 0.633208092485539 173
32204.126 0.8167179487179451 156
32313.119 0.5952021857923424 183
32422.612 0.5946576086956591 184
32532.317 0.6228920454545501 176
32641.801 0.5285410628019297 207
32752.498 0.5822157894736799 190
32878.851 0.8200129870130057 154
32988.683 0.5776842105262883 190
33098.343 0.5562690355329905 197
33208.217 0.6574670658682554 167
33317.666 0.710214285714283 154
33429.668 0.690901234567898 162
33555.442 0.7394470588235623 170
33664.84 0.5549492385786654 197
33774.166 0.5905351351351144 185
33883.796 0.5858395721925311 187
33993.883 0.5641743589743736 195
34106.574 0.6994782608695764 161
34230.5 0.7285529411764669 170
34340.294 0.58990322580646 186
34449.728 0.5942445652173932 184
34559.645 0.5464328358208892 201
34669.149 0.5979672131147534 183
34783.068 0.6696588235293937 170
34905.889 0.6529521276595992 188
35015.711 0.5964619565217578 184
35125.899 0.534524271844665 206
35235.448 0.5366323529411673 204
35344.723 0.6169378531073259 177
35460.123 0.6905508982035935 167
35582.658 0.6123250000000189 200
35692.407 0.5247511961722607 209
35801.932 0.5821702127659785 188
35911.237 0.6660304878048742 164
36020.447 0.7373918918918797 148
36148.292 0.7385375722543343 173
36257.57 0.5871182795698812 186
36367.123 0.5761947368420998 190
36476.571 0.5468550000000323 200
36585.848 0.6618181818181642 165
36696.251 0.6982594936708677 158
36822.602 0.7843354037266983 161
36932.092 0.5311456310679488 206
37041.64 0.5792116402116282 189
37150.97 0.6661829268292733 164
37260.366 0.6209261363636539 176
37372.642 0.6523139534883527 172
37497.422 0.6704838709677372 186
37607.317 0.5780210526315817 190
37716.983 0.5891935483871171 186
37826.872 0.6100611111111195 180
37936.377 0.6253142857142874 175
38049.588 0.7205987261146846 157
38173.952 0.7062443181818129 176
38283.54 0.6152584269663105 178
38393.216 0.6807453416148977 161
38502.888 0.6262342857142877 175
38612.649 0.6196779661016795 177
38726.295 0.5977368421052617 190
38849.492 0.7600617283950456 162
38959.038 0.6439470588235161 170
39068.946 0.6205254237288474 177
39178.461 0.675549382716085 162
39288.005 0.6327514450867072 173
39403.329 0.6332252747252514 182
39525.252 0.7616125000000011 160
39634.906 0.5589948979591934 196
39744.662 0.5741989528795741 191
39854.104 0.6878364779874327 159
39963.578 0.5469850000000224 200
40091.505 0.7476549707602029 171
40200.922 0.566538860103611 193
40310.389 0.6180225988700532 177
40419.888 0.6217159090909015 176
40529.666 0.5835212765957314 188
40639.291 0.6295804597701072 174
40766.952 0.689659459459457 185
40876.14 0.5347598039215703 204
40985.677 0.6594036144578492 166
41095.475 0.6095611111110985 180
41205.132 0.7069806451612572 155
41315.848 0.6470116959064068 171
41442.561 0.7320289017341229 173
41552.233 0.4604957983193199 238
41661.739 0.6147640449438195 178
41771.474 0.5771421052631539 190
41880.77 0.6387134502923619 171
41992.742 0.6582058823529223 170
42118.282 0.6932099447513687 181
42227.608 0.5545837563451623 197
42337.191 0.6050055248618852 181
42446.908 0.5894623655914338 186
42556.358 0.6285747126436956 174
42669.212 0.6096108108108023 185
42793.149 0.7201802325581348 172
42902.554 0.5061759259259041 216
43012.553 0.5579746192893508 197
43122.153 0.5586581632652844 196
43231.493 0.6279540229885221 174
43346.052 0.6504829545454579 176
43468.066 0.7574285714285482 161
43577.53 0.6180282485875479 177
43686.722 0.6381111111111015 171
43796.26 0.6290919540229858 174
43905.44 0.68190625000002 160
44021.047 0.6959638554216797 166
44143.399 0.7889354838709434 155
44252.872 0.572753926701574 191
44362.39 0.5980382513661142 183
44471.712 0.6620969696969647 165
44581.647 0.6350346820809084 173
44709.687 0.7148938547486053 179
44818.983 0.5968142076502564 183
44928.39 0.5721832460732807 191
45037.857 0.6250914285714472 175
45147.343 0.585080213903762 187
45259.103 0.6069782608695712 184
45385.046 0.8226993464052261 153
45494.558 0.5947880434782549 184
45604.128 0.550221105527632 199
45713.513 0.6175706214689134 177
45823.117 0.6719570552146932 163
45935.661 0.6248277777777629 180
46060.123 0.6724054054053881 185
46169.572 0.6179604519774058 177
46279.211 0.6053149171271014 181
46388.617 0.6247428571428671 175
46498.074 0.6836249999999836 160
46611.83 0.6212021857923513 183
46735.398 0.6399067357512974 193
46844.769 0.635459302325576 172
46954.395 0.7555241379310309 145
47063.813 0.6108491620111965 179
47173.183 0.6105865921787612 179
47287.8 0.6434887640449704 178
47410.04 0.6676284153005436 183
47520.255 0.5122790697674392 215
47629.825 0.5502160804019846 199
47739.157 0.5842513368983817 187
47848.413 0.7183026315789519 152
47976.289 0.6520459183673443 196
48085.735 0.5159150943396389 212
48195.151 0.6177457627118664 177
48304.761 0.5952934782608676 184
48414.384 0.5735287958115272 191
48524.605 0.7106000000000237 155
48651.862 0.735161849711009 173
48761.189 0.57502631578946 190
48870.824 0.6890628930817705 159
48980.418 0.5394876847290443 203
49089.568 0.6991858974358761 156
49201.226 0.6376114285714409 175
49326.832 0.7472440476190708 168
49436.275 0.5233110047847035 209
49545.695 0.5878763440860277 186
49654.888 0.6095977653631408 179
49764.606 0.6337687861271666 173
49877.262 0.6948641975308599 162
50001.304 0.7998064516128638 155
50110.945 0.5828244680850866 188
50220.333 0.6104301675977644 179
50330.543 0.5506799999999931 200
50440.094 0.6928797468354339 158
50553.536 0.6788502994012109 167
50677.2 0.627401015228417 197
50786.467 0.7855683453237112 139
50896.161 0.6373197674418534 172
51005.672 0.6672865853658395 164
51115.42 0.6413508771929521 171
51229.32 0.7249999999999814 157
51352.419 0.6475473684210508 190
51462.078 0.5591071428571384 196
51571.693 0.6368430232557943 172
51681.048 0.600439560439594 182
51790.919 0.6496745562130074 169
51905.755 0.7217547169811207 159
52027.918 0.718211764705869 170
52137.267 0.7284733333333376 150
52246.802 0.5884838709677742 186
52355.956 0.634174418604659 172
52465.912 0.5939513513513186 185
52593.535 0.8176153846154006 156
52702.774 0.6064722222222271 180
52812.285 0.6217840909090971 176
52921.818 0.5584489795918282 196
53031.505 0.6055856353591003 181
53142.286 0.6589583333333437 168
53269.004 0.6882771739130634 184
53378.516 0.5138075117371181 213
53487.635 0.7173947368421164 152
53597.13 0.5582602040816041 196
53706.306 0.6493035714285638 168
53818.07 0.6728192771084454 166
53943.252 0.8020064102563946 156
54053.026 0.5962228260869264 184
54162.653 0.5735602094240609 191
54272.76 0.6323448275861978 174
54382.748 0.5909193548387099 186
54495.759 0.5821288659793673 194
54620.045 0.5943636363636439 209
54729.502 0.6550059880239437 167
54839.558 0.6507633136094637 169
54949.34 0.6856999999999971 160
55058.867 0.6970573248407765 157
55172.861 0.625895604395607 182
55296.18 0.659112299465245 187
55405.607 0.5975683060109465 183
55515.455 0.649550295858017 169
55625.068 0.6119441340782149 179
55734.272 0.6778198757764026 161
55849.396 0.6152352941176421 187
55971.755 0.6756464088397459 181
56081.286 0.5822180851063944 188
56190.441 0.6531736526946212 167
56300.294 0.538122549019617 204
56409.966 0.6298735632183801 174
56537.642 0.6715684210526218 190
56647.362 0.5296956521739347 207
56757.161 0.616426966292146 178
56866.69 0.7395405405405728 148
56976.336 0.5828191489361687 188
57086.53 0.5647128205128142 195
57213.88 0.6878270270270248 185
57323.397 0.5527474747474539 198
57432.872 0.5697968750000276 192
57542.492 0.6085777777777872 180
57652.045 0.6439823529411703 170
57763.641 0.6598994082840298 169
57889.109 0.7165657142857006 175
57998.427 0.5811063829787599 188
58108.007 0.693069620253148 158
58217.529 0.7153071895425015 153
58327.35 0.6455529411764634 170
58439.315 0.6430632183908257 174
58564.597 0.6696042780748682 187
58674.156 0.4659148936170436 235
58783.676 0.5555532994923648 197
58893.588 0.5937135135135503 185
59003.131 0.6439235294117893 170
59116.7 0.5456442307692249 208
59240.433 0.6648709677419217 186
59349.938 0.5364411764705936 204
59459.725 0.6415847953216123 171
59569.436 0.7358187919463252 149
59678.639 0.5930815217391326 184
59793.238 0.6059470899470774 189
59915.902 0.677342541436475 181
60025.329 0.6213295454545418 176
60134.72 0.6468343195266409 169
60244.384 0.6600963855421743 166
60353.946 0.6595301204819495 166
