427.627 0.6657819548872181 266
584.42 0.31862244897959174 490
708.973 0.27912331838565 446
831.955 0.40167647058823536 306
940.941 0.48621875000000003 224
1065.485 0.6042184466019415 206
1172.661 0.5276354679802961 203
1278.988 0.5743351351351349 185
1402.825 0.7735124999999996 160
1509.292 0.5428367346938774 196
1615.598 0.480683257918552 221
1724.953 0.5464049999999997 200
1845.791 0.6068944723618087 199
1952.219 0.6147572254335264 173
2058.226 0.5918044692737442 179
2182.285 0.670194594594594 185
2288.504 0.5707043010752679 186
2394.869 0.5395482233502547 197
2518.845 0.6133762376237604 202
2624.967 0.5957865168539336 178
2730.989 0.6124161849710975 173
2840.439 0.6510416666666666 168
2960.732 0.719910179640718 167
3066.733 0.5788360655737712 183
3173.003 0.6283846153846161 169
3296.885 0.7282941176470612 170
3403.296 0.5290597014925368 201
3509.915 0.5197268292682921 205
3633.789 0.6348410256410273 195
3740.03 0.5587947368421067 190
3846.207 0.5614074074074061 189
3955.375 0.6417235294117638 170
4076.776 0.6957873563218391 174
4182.944 0.6168313953488387 172
4289.514 0.598286516853932 178
4413.146 0.6941460674157303 178
4519.536 0.5873867403314917 181
4625.844 0.5504196891191698 193
4749.547 0.6945337078651658 178
4855.787 0.5865801104972391 181
4961.882 0.6386686746987911 166
5073.691 0.6458728323699415 173
5191.463 0.7176341463414635 164
5297.83 0.5971179775280914 178
5406.148 0.5727195767195751 189
5528.003 0.7163823529411756 170
5634.507 0.5116923076923067 208
5741.245 0.5673617021276584 188
5864.828 0.7395748502994013 167
5973.088 0.6507590361445773 166
6084.591 0.6728074534161498 161
6192.656 0.6352411764705882 170
6301.557 0.5580974358974344 195
6427.756 0.7333081395348832 172
6535.595 0.5035934579439263 214
6643.621 0.5397650000000022 200
6752.198 0.5216538461538457 208
6860.225 0.596441988950277 181
6968.365 0.6140284090909063 176
7082.294 0.6221748633879791 183
7202.812 0.6691888888888874 180
7310.92 0.5568969072164972 194
7419.095 0.5750212765957461 188
7527.433 0.5552102564102545 195
7635.41 0.5649476439790563 191
7747.737 0.6681845238095244 168
7869.339 0.649946524064171 187
7977.319 0.5620364583333336 192
8085.684 0.6446011904761939 168
8193.844 0.6358058823529384 170
8301.646 0.5700052910052897 189
8412.929 0.5645279187817235 197
8535.341 0.6613459459459468 185
8643.253 0.5736489361702201 188
8751.051 0.6528848484848409 165
8859.073 0.6964322580645169 155
8967.311 0.5328374384236416 203
9077.688 0.5715233160621767 193
9202.269 0.7411607142857108 168
9310.376 0.5839837837837852 185
9418.303 0.592604395604392 182
9526.326 0.5711640211640154 189
9634.272 0.661803680981605 163
9742.223 0.6383313609467491 169
9868.798 0.6554507772020747 193
9977.206 0.5015740740740747 216
10085.155 0.6383254437869846 169
10193.178 0.6204022988505788 174
10301.024 0.5920824175824176 182
10408.961 0.6458802395209531 167
10521.957 0.6006595744680898 188
10642.896 0.6328638743455519 191
10750.646 0.5667421052631605 190
10858.746 0.6430238095238001 168
10966.701 0.5769144385026728 187
11074.655 0.5560876288659857 194
11186.525 0.5853298429319312 191
11308.499 0.7433597560975613 164
11416.306 0.564089005235602 191
11524.469 0.5196682692307621 208
11632.915 0.541875 200
11740.784 0.6195229885057499 174
11852.301 0.5744639175257727 194
11975.494 0.6514761904761948 189
12083.008 0.6673788819875797 161
12190.988 0.5679368421052603 190
12298.937 0.564801047120421 191
12406.936 0.6202701149425269 174
12516.695 0.5298888888888884 207
12641.812 0.7025393258426949 178
12749.755 0.5560567010309279 194
12857.941 0.6397396449704141 169
12966.106 0.5459292929292886 198
13074.186 0.5838216216216195 185
13182.237 0.5319211822660077 203
13308.836 0.7576467065868266 167
13417.073 0.5126445497630316 211
13525.07 0.580241935483867 186
13633.307 0.6216321839080499 174
13741.474 0.6005111111111142 180
13849.29 0.6490602409638591 166
13962.031 0.5661809045226134 199
14083.913 0.6152474747474814 198
14191.721 0.5821243243243206 185
14300.144 0.6121468926553693 177
14407.874 0.6223294797687888 173
14515.887 0.583232432432438 185
14627.139 0.661541666666662 168
14750.029 0.6109552238805954 201
14858.084 0.6101129943502915 177
14965.93 0.6088926553672285 177
15073.904 0.6347117647058814 170
15181.989 0.6316491228070106 171
15290.776 0.5908423913043486 184
15416.854 0.6811243243243233 185
15524.723 0.6089774011299472 177
15632.664 0.6271220930232545 172
15740.929 0.6218160919540224 174
15848.733 0.5204492753623197 207
15956.441 0.4659567099567118 231
16083.139 0.6629685863874272 191
16191.267 0.5657434554973858 191
16299.091 0.5762085561497338 187
16406.919 0.60537640449439 178
16514.7 0.644964071856281 167
16622.49 0.6120284090909123 176
16736.152 0.6453977272727074 176
16856.686 0.6583169398907189 183
16964.95 0.5944725274725248 182
17073.134 0.5907814207650139 183
17181.099 0.7241140939597317 149
17289.034 0.5560051546391648 194
17401.124 0.5926984126984151 189
17523.403 0.773531645569602 158
17631.66 0.5464242424242378 198
17740.116 0.5210721153846232 208
17848.143 0.6464311377245602 167
17955.721 0.8206641221374155 131
18065.773 0.6248863636363612 176
18190.357 0.5957799043062202 209
18298.417 0.5426683417085518 199
18406.244 0.5497653061224346 196
18513.981 0.5819729729729777 185
18621.863 0.5336980198019836 202
18731.286 0.6750061728394985 162
18856.583 0.5963380952380941 210
18964.724 0.524626213592217 206
19072.911 0.5690315789473779 190
19181.252 0.4727860262008735 229
19289.078 0.5497602040816357 196
19397.396 0.6600304878048718 164
19523.634 0.7009277777777647 180
19631.659 0.5092264150943316 212
19739.489 0.6228728323699504 173
19847.552 0.5805913978494515 186
19955.657 0.6508012048192737 166
20063.5 0.5987277777777813 180
20176.303 0.6791024096385528 166
20297.296 0.6608306010928802 183
20405.435 0.5403449999999975 200
20513.747 0.5726931216931098 189
20621.901 0.5171387559808716 209
20730.06 0.5542153846153852 195
20841.947 0.5947287234042612 188
20964.363 0.6242448979591969 196
21072.237 0.56741578947369 190
21179.986 0.6118068181818175 176
21288.21 0.5692263157894654 190
21396.546 0.5758723404255277 188
21506.797 0.6519408284023662 169
21630.62 0.865433566433551 143
21738.89 0.5945109890109941 182
21846.854 0.5341138613861367 202
21954.811 0.5708201058201166 189
22062.71 0.47291228070175667 228
22171.346 0.6423905325443913 169
22297.174 0.6383705583756254 197
22405.192 0.49746082949308995 217
22513 0.681873417721524 158
22620.674 0.6366982248520648 169
22728.653 0.5263756097560939 205
22836.545 0.5891857923497263 183
22963.138 0.6389949494949527 198
23071.26 0.4540042016806718 238
23179.113 0.5335693069307064 202
23287.342 0.6325029239766049 171
23395.521 0.6248612716763143 173
23503.423 0.5675210526315679 190
23616.932 0.6098763440860308 186
23737.284 0.6720111731843624 179
23845.585 0.47468859649122525 228
23953.363 0.6298771929824711 171
24061.203 0.5888907103825127 183
24168.911 0.6406845238095142 168
24280.635 0.64167816091953 174
24402.754 0.7055260115606965 173
24510.782 0.5068685446009378 213
24618.932 0.5246504854368997 206
24726.672 0.7083486842105134 152
24835.104 0.6299941860465138 172
24945.218 0.6079668508287364 181
25069.426 0.7093942857142871 175
25177.629 0.5052990654205693 214
25285.844 0.5301127450980394 204
25394.177 0.5758617021276532 188
25502.157 0.6347529411764673 170
25610.194 0.6464970059880248 167
25736.593 0.6284975124378176 201
25844.424 0.5205410628019344 207
25952.873 0.5586185567010278 194
26060.907 0.6426369047619032 168
26168.932 0.6030949720670478 179
26276.966 0.5425226130653243 199
26390.848 0.6053723404255389 188
26511.58 0.6188153846153933 195
26620.081 0.5560564102563942 195
26727.852 0.5253707317073039 205
26835.831 0.5738670212765894 188
26943.972 0.6357000000000185 170
27055.72 0.6381599999999993 175
27178.241 0.724603550295872 169
27286.322 0.5715079365079334 189
27394.286 0.5504693877551011 196
27502.576 0.5725873015873066 189
27611.08 0.6652269938650349 163
27721.347 0.5892887700534766 187
27845.082 0.6795054945054849 182
27952.7 0.5720797872340397 188
28060.277 0.6677391304347676 161
28168.064 0.6085593220338992 177
28276.265 0.5573556701030948 194
28385.76 0.6217215909090844 176
28510.986 0.6451443298969044 194
28618.906 0.5259756097561011 205
28726.721 0.5855597826087077 184
28834.757 0.6426369047619032 168
28942.905 0.5350247524752331 202
29050.825 0.6093050847457716 177
29164.971 0.5484326923076949 208
29285.352 0.6170102564102518 195
29393.708 0.5699210526315782 190
29501.82 0.6035810055865982 179
29609.769 0.5707777777777799 189
29717.655 0.5704391534391443 189
29830.508 0.616284153005478 183
29952.113 0.6828202247191083 178
30059.804 0.6293801169590632 171
30167.619 0.6156742857142775 175
30275.935 0.5727248677248816 189
30383.798 0.6021787709497052 179
30494.761 0.6195027932960873 179
30618.19 0.725670588235281 170
30726.286 0.5597357512953297 193
30833.867 0.651569696969686 165
30941.567 0.5694603174603207 189
31049.678 0.6001333333333403 180
31159.897 0.5270000000000001 209
31284.208 0.6641657754010724 187
31392.136 0.6059606741572874 178
31500.102 0.5315024630541894 203
31608.221 0.5219710144927657 207
31716.283 0.5683736842105167 190
31824.913 0.596478021978028 182
31950.633 0.7305406976744306 172
32058.319 0.6330294117646939 170
32166.085 0.5579999999999974 193
32274.326 0.49391780821918485 219
32382.29 0.634647058823526 170
32490.28 0.5865108695652057 184
32604.26 0.5752929292929265 198
32724.924 0.5970346534653403 202
32832.912 0.5562680412371002 194
32940.945 0.6169257142857116 175
33049.201 0.5634166666666639 192
33157.354 0.6140681818181871 176
33269.577 0.7378223684210369 152
33391.211 0.6535967741935653 186
33499.443 0.5408050000000003 200
33607.398 0.6383372781065138 169
33715.518 0.5627447916666597 192
33823.296 0.5759518716577612 187
33934.836 0.6480639534883964 172
34057.608 0.7717421383647934 159
34165.393 0.5524051282051144 195
34273.31 0.5861032608695693 184
34381.14 0.6053707865168608 178
34489.26 0.5686578947368712 190
34599.634 0.56276020408163 196
34723.534 0.687961111111104 180
34831.429 0.5766042780748507 187
34939.378 0.5475837563451582 197
35047.507 0.5457222222222217 198
35155.239 0.7036470588235496 153
35264.749 0.5915405405405673 185
35389.964 0.5987990430621896 209
35497.79 0.5414924623115467 199
35605.716 0.743806896551717 145
35713.686 0.5961049723757131 181
35821.706 0.5397399999999835 200
35929.7 0.5802096774193248 186
36056.314 0.785968944099363 161
36164.121 0.5105545023696633 211
36272.164 0.5371442786069669 201
36380.201 0.5899617486338983 183
36488.036 0.6157942857143021 175
36596.043 0.5423969849246134 199
36709.687 0.5915156249999806 192
36830.095 0.650508108108133 185
36938.225 0.5904754098360694 183
37046.081 0.5613697916666448 192
37153.954 0.6022290502793244 179
37261.986 0.6240289017340744 173
37374.374 0.5730408163265621 196
37496.555 0.616752525252517 198
37604.35 0.5640209424083535 191
37712.178 0.5612343749999885 192
37820.218 0.5932307692307733 182
37928.299 0.5745000000000064 188
38038.716 0.6567023809523865 168
38162.274 0.8124473684210419 152
38270.057 0.5610156250000197 192
38378.226 0.5487106598985025 197
38486.054 0.5131190476190352 210
38593.862 0.6412678571428582 168
38703.725 0.5659226804123558 194
38828.64 0.7013820224718974 178
38936.593 0.5262585365853738 205
39044.636 0.5190865384615441 208
39152.73 0.5838972972973008 185
39260.795 0.6428154761904461 168
39368.65 0.5857717391304307 184
39495.502 0.7004364640884103 181
39603.335 0.5231116504854301 206
39711.432 0.5776631016042837 187
39819.243 0.5611197916666697 192
39926.911 0.6329058823529254 170
40034.753 0.6952838709677435 155
40147.503 0.6589181286549453 171
40269.204 0.7031040462427467 173
40377.044 0.5181298076923108 208
40485.526 0.6905031847133736 157
40593.539 0.6349411764705591 170
40701.505 0.6165257142857132 175
40812.3 0.6151277777778078 180
40935.853 0.5690645161290369 217
41043.936 0.45761016949152195 236
41151.785 0.6123636363636664 176
41259.607 0.6264302325581771 172
41367.376 0.6606196319018212 163
41476.962 0.6479644970414273 169
41601.802 0.7701913580246953 162
41709.655 0.5826054054054013 185
41817.519 0.6021787709497255 179
41925.329 0.5700264550264581 189
42033.534 0.5379751243781176 201
42141.405 0.5310246305418485 203
42268.021 0.7400175438596365 171
42376.147 0.5657434554973858 191
42483.949 0.6225664739884272 173
42591.588 0.5878032786885605 183
42699.458 0.6454910179640638 167
42807.474 0.6098305084745894 177
42920.726 0.6859333333333559 165
43041.272 0.7214550898203603 167
43149.478 0.5433919597990052 199
43257.392 0.5474263959390901 197
43365.493 0.5903224043715971 183
43473.292 0.5823081081081024 185
43585.693 0.6607588235293994 170
43707.233 0.6496096256684436 187
43815.467 0.4872387387387117 222
43923.951 0.5475252525252702 198
44031.773 0.5888032786885455 183
44139.523 0.6646728395061933 162
44250.581 0.6031684782608705 184
44373.764 0.7461757575757942 165
44481.183 0.577161290322575 186
44589.004 0.6413630952381156 168
44697.172 0.5298872549019685 204
44805.423 0.5463535353535348 198
44915.584 0.5560050505050502 198
45039.78 0.6365589743589786 195
45147.896 0.5375422885572243 201
45255.735 0.6610245398773191 163
45363.812 0.6033743016759822 179
45471.897 0.571492063492038 189
45580.158 0.6288837209302623 172
45706.963 0.7368372093023513 172
45815.337 0.5388258706467485 201
45923.185 0.677836477987409 159
46030.877 0.59789444444444 180
46138.654 0.6189942528735732 174
46246.329 0.652133333333327 165
46359.538 0.6250718232044145 181
46480.531 0.6201538461538476 195
46589.322 0.4510705394190818 241
46696.993 0.5574922279793005 193
46804.923 0.5063708920187963 213
46912.59 0.6600920245398398 163
47024.923 0.6003155080214196 187
47147.031 0.6974000000000316 175
47255.188 0.5688947368421252 190
47363.247 0.5481522842639819 197
47471.636 0.6154431818181778 176
47579.333 0.6185344827586207 174
47689.866 0.544133004926121 203
47813.613 0.6342717948717809 195
47921.699 0.5374029850746451 201
48029.598 0.599038888888875 180
48137.366 0.5885081967213122 183
48245.357 0.5188413461538542 208
48355.793 0.6491941176470445 170
48480.407 0.6919333333333473 180
48588.427 0.5317832512315506 203
48696.538 0.6392721893491355 169
48804.649 0.5746755319148779 188
48912.741 0.6429821428571467 168
49020.494 0.6260581395348878 172
49146.894 0.6073557692307776 208
49255.337 0.47531578947369746 228
49363.315 0.6201379310344958 174
49471.543 0.6324912280701486 171
49579.699 0.5811021505376297 186
49687.629 0.6059382022472113 178
49801.522 0.5552146341463213 205
49922.159 0.7010000000000006 172
50030.243 0.5243398058252565 206
50138.055 0.5307389162561476 203
50246.166 0.5969005524861715 181
50354.009 0.6265872093023317 172
50467.241 0.6251988950276246 181
50588.108 0.7277469879517883 166
50696.263 0.5718835978835751 189
50804.483 0.6675864197530716 162
50912.547 0.6315380116959194 171
51020.239 0.5979000000000169 180
51131.715 0.6258595505617889 178
51254.598 0.6020539215686072 204
51362.198 0.5431010101010083 198
51470.323 0.5840648648648434 185
51578.486 0.5842756756756775 185
51686.06 0.6718875000000025 160
51796.982 0.6261807909604664 177
51920.304 0.6486999999999841 190
52028.176 0.5796129032257917 186
52136.012 0.5701798941799092 189
52244.187 0.5750212765957413 188
52352.269 0.6586097560975759 164
52462.042 0.6232784090909097 176
52586.779 0.6393435897435829 195
52694.527 0.5079198113207722 212
52802.622 0.5776577540107192 187
52910.334 0.6989610389610352 154
53018.685 0.5230821256038571 207
53127.782 0.5830160427807359 187
53253.128 0.7038033707864865 178
53361.168 0.48636036036033464 222
53469.037 0.5363034825870581 201
53577.098 0.6242196531791789 173
53684.886 0.6085706214689092 177
53792.808 0.5646649214659429 191
53919.569 0.6999392265193689 181
54027.63 0.5293676470587967 204
54135.575 0.5366766169154017 201
54243.592 0.6502771084337124 166
54351.556 0.5678473684210315 190
54459.221 0.6481385542168696 166
54572.857 0.6205737704918161 183
54694.039 0.5686338028168957 213
54802.568 0.5021296296296256 216
54910.441 0.5528410256410075 195
55018.08 0.6808037974683717 158
55125.931 0.6694347826086645 161
55237.88 0.6821768292682951 164
55360.423 0.6412617801047108 191
55468.481 0.49311872146119734 219
55576.409 0.6616932515337409 163
55684.513 0.5597616580310862 193
55792.036 0.5625759162303534 191
55902.587 0.6206853932584063 178
56026.293 0.8081045751633948 153
56134.31 0.5931373626373677 182
56242.548 0.5462929292929531 198
56350.61 0.52924019607845 204
56458.379 0.6410535714285721 168
56567.17 0.7446506849314886 146
56692.788 0.7093163841807857 177
56800.75 0.5863749999999804 184
56908.714 0.5503928571428592 196
57016.582 0.5703333333333604 189
57124.548 0.5739042553191501 188
57232.464 0.6233757225433372 173
57359.045 0.6389242424242313 198
57466.912 0.5703544973544903 189
57574.835 0.754195804195794 143
57682.567 0.6604907975460337 163
57790.795 0.6042234636871251 179
57898.709 0.5365223880597032 201
58011.872 0.7068187500000022 160
58132.774 0.5542477064220226 218
58241.282 0.5767872340425613 188
58349.083 0.5919230769230546 182
58457.155 0.5294068627450792 204
58565.205 0.5932802197802141 182
58677.521 0.5726734693877489 196
58799.433 0.6002512315270695 203
58906.984 0.614194285714267 175
59015.086 0.5568453608247717 194
59123.588 0.5532091836734884 196
59231.373 0.6154971428571402 175
59342.639 0.6246853932584446 178
59465.871 0.6551489361702013 188
59573.862 0.5650575916230339 191
59682.05 0.517287081339736 209
59790.075 0.5397649999999703 200
59897.898 0.6375798816568274 169
60007.431 0.6674390243902386 164
60132.358 0.6936722222222064 180
60240.245 0.5418040201005183 199
60348.16 0.7002857142857442 154
