432.745 0.8355183486238532 218
594.597 0.3953259803921569 408
730.116 0.3344493827160494 405
853.194 0.3280053333333332 375
974.015 0.44229304029304023 273
1106.882 0.47587813620071717 279
1218.523 0.4512631578947368 247
1329.324 0.5952311827956988 186
1445.099 0.6186737967914439 187
1568.354 0.5548918918918926 222
1678.985 0.5788219895287949 191
1792.333 0.5552598039215693 204
1919.09 0.7365697674418594 172
2029.69 0.6039508196721319 183
2140.826 0.544411764705882 204
2269.93 0.5918669724770644 218
2380.858 0.5278571428571446 210
2491.574 0.5450246305418713 203
2620.409 0.7357714285714299 175
2731.024 0.5024454545454546 220
2842.118 0.47241702127659585 235
2958.764 0.6008814432989686 194
3081.636 0.5961359223300975 206
3192.115 0.5257238095238076 210
3305.092 0.5849740932642492 193
3431.799 0.699662983425415 181
3542.966 0.5143101851851847 216
3654.009 0.5309377990430617 209
3782.951 0.6744659685863867 191
3893.55 0.5756458333333351 192
4004.227 0.5614162436548208 197
4133.201 0.7450693641618493 173
4244.136 0.5641581632653099 196
4354.719 0.6656987951807247 166
4471.205 0.5969794871794875 195
4593.978 0.5985658536585372 205
4705.048 0.5840473684210529 190
4817.851 0.6368757062146885 177
4944.485 0.7110449438202237 178
5055.105 0.5047671232876706 219
5166.115 0.49085398230088495 226
5294.9 0.6129047619047621 210
5405.41 0.5136418604651163 215
5516.165 0.6288522727272721 176
5645.315 0.6146380952380934 210
5756.4 0.506881278538811 219
5867.63 0.6008270270270284 185
5984.114 0.6970419161676643 167
6106.865 0.6073465346534663 202
6217.952 0.5663673469387746 196
6331.343 0.6157228260869547 184
6457.607 0.5980142180094767 211
6568.84 0.5421951219512222 205
6679.579 0.5704278350515442 194
6808.539 0.6509242424242415 198
6921.221 0.5856197916666636 192
7034.656 0.6262928176795601 181
7147.482 0.6517456647398867 173
7262.825 0.6098730158730139 189
7392.437 0.6643076923076922 195
7504.999 0.6080324324324318 185
7617.565 0.5828341968911874 193
7730.546 0.5617014925373136 201
7843.322 0.6871890243902471 164
7960.175 0.6211489361702119 188
8087.77 0.6783297872340466 188
8200.909 0.6144673913043472 184
8313.934 0.5619253731343289 201
8426.421 0.6691011904761884 168
8539.414 0.6103621621621691 185
8658.666 0.5870689655172378 203
8784.272 0.5977952380952394 210
8897.057 0.5750306122448986 196
9010.111 0.5705808080808099 198
9123.203 0.562268656716416 201
9236.712 0.5938638743455491 191
9368.347 0.7073333333333349 186
9480.963 0.5069234234234246 222
9594.009 0.5303661971831022 213
9707.219 0.45056175298804196 251
9820.634 0.5842113402061831 194
9936.855 0.6713641618497042 173
10065.605 0.6599076923076865 195
10178.272 0.541288461538469 208
10291.516 0.5715454545454508 198
10404.974 0.670887573964503 169
10518.374 0.6125567567567585 185
10636.212 0.5772696078431324 204
10762.925 0.7449647058823436 170
10875.566 0.6395681818181835 176
10988.73 0.559826732673263 202
11102.028 0.583608247422677 194
11215.089 0.6073279569892459 186
11334.182 0.6231256544502609 191
11459.841 0.6343080808080847 198
11572.265 0.5790103092783481 194
11685.006 0.6189945054945013 182
11798.083 0.6348258426966281 178
11911.697 0.6104193548387122 186
12043.251 0.6708367346938795 196
12155.92 0.5601542288557231 201
12268.547 0.5923684210526373 190
12381.098 0.6318764044943829 178
12494.397 0.5365924170616179 211
12610.683 0.5869343434343512 198
12739.198 0.6175336538461544 208
12851.777 0.5113727272727291 220
12964.603 0.5723197969543116 197
13077.77 0.5983597883597891 189
13190.604 0.6334606741573 178
13308.536 0.6547555555555543 180
13434.973 0.6905355191256852 183
13547.988 0.5646900000000005 200
13661.165 0.5655000000000018 200
13774.155 0.5760765306122452 196
13887.038 0.5755459183673505 196
14019.633 0.6401884057971026 207
14132.115 0.6460977011494269 174
14244.918 0.5553004926108402 203
14357.355 0.6106304347826075 184
14470.205 0.5904293193717226 191
14583.79 0.5821128205128238 195
14715.217 0.7138967391304346 184
14827.731 0.5484634146341438 205
14940.435 0.6188296703296626 182
15053.297 0.5874166666666648 192
15166.868 0.6235879120879142 182
15283.423 0.6435359116022176 181
15411.634 0.6470656565656596 198
15524.071 0.5275023474178412 213
15637.207 0.5857927461139943 193
15750.389 0.5921727748691077 191
15863.2 0.6061129032258118 186
15981.041 0.6331451612903195 186
16107.916 0.6781069518716507 187
16221.229 0.5366635071089998 211
16333.737 0.7396973684210479 152
16446.805 0.58242268041237 194
16559.977 0.5683316582914479 199
16692.276 0.8475769230769331 156
16805.109 0.5582128712871378 202
16918.214 0.5737157360406134 197
17030.989 0.5579108910891105 202
17144.033 0.634634831460675 178
17258.837 0.6235163043478203 184
17389.407 0.6658367346938817 196
17502.487 0.5539313725490216 204
17615.556 0.5621691542288517 201
17728.595 0.5822577319587751 194
17841.985 0.6704970414201309 169
17958.34 0.5536000000000059 210
18086.225 0.6265784313725495 204
18198.893 0.5988936170212795 188
18311.775 0.5556945812807906 203
18424.773 0.6452628571428691 175
18537.502 0.6953827160493942 162
18656.645 0.6689101123595443 178
18782.434 0.5902394366197248 213
18895.7 0.4755882352941274 238
19008.546 0.5873333333333335 192
19121.439 0.5906544502617732 191
19234.519 0.5855025906735772 193
19367.475 0.7301153846153713 182
19480.116 0.5893769633508039 191
19592.956 0.5934894736842053 190
19705.873 0.5877031249999997 192
19819.007 0.5681105527638195 199
19933.476 0.5957916666666657 192
20064.71 0.6158075117370782 213
20177.394 0.5864843749999977 192
20290.256 0.6163114754098352 183
20402.952 0.6825454545454704 165
20516.481 0.5480772946859959 207
20632.943 0.6257258064516042 186
20760.722 0.6385650000000169 200
20873.09 0.5848385416666702 192
20986.233 0.6281444444444383 180
21099.628 0.5723181818181793 198
21212.886 0.5389523809523823 210
21331.688 0.694292397660809 171
21457.34 0.6186403940886647 203
21570.226 0.5968677248677104 189
21683.375 0.5798666666666693 195
21796.62 0.5803538461538361 195
21910.184 0.55089805825243 206
22042.222 0.6908586387434635 191
22155.025 0.5810567010309391 194
22268.112 0.5765714285714368 196
22381.237 0.5357725118483531 211
22494.328 0.6348988764045082 178
22609.68 0.5911641025641121 195
22739.754 0.634160975609759 205
22852.376 0.5359238095238176 210
22965.195 0.6671183431952579 169
23078.127 0.6200824175824152 182
23191.4 0.5576256157635484 203
23308.167 0.5610144230769353 208
23436.096 0.6329851485148574 202
23548.936 0.5148949771689609 219
23662.226 0.5717727272727239 198
23776.14 0.6186847826086942 184
23889.066 0.5614378109452653 201
24007.861 0.6183177083333362 192
24133.882 0.688256830601098 183
24246.731 0.5666934673366877 199
24359.413 0.5602388059701501 201
24472.396 0.5617014925373227 201
24585.666 0.5745837563451741 197
24717.848 0.6260995260663506 211
24830.709 0.5696212121212114 198
24943.63 0.5877239583333372 192
25056.375 0.6627411764705946 170
25169.244 0.5874531249999867 192
25284.46 0.6468370786516787 178
25414.072 0.6509698492462386 199
25526.65 0.5357190476190485 210
25639.244 0.6819272727272729 165
25752.263 0.5882395833333286 192
25865.221 0.5453285024154668 207
25982.783 0.6600280898876437 178
26109.634 0.621495098039215 204
26222.572 0.5587029702970305 202
26335.361 0.612586956521741 184
26448.037 0.7037375000000111 160
26561.02 0.6272499999999935 180
26679.994 0.6257736842105116 190
26805.843 0.6450205128205244 195
26918.503 0.5491951219512152 205
27031.56 0.5431778846153835 208
27144.44 0.578487179487181 195
27257.452 0.5731928934010238 197
27390.166 0.7368444444444524 180
27502.898 0.5097782805429867 221
27615.587 0.6256277777777844 180
27728.093 0.7071006289308182 159
27841.123 0.645445714285722 175
27956.274 0.6690290697674437 172
28086.332 0.6371764705882194 204
28198.854 0.6144699453551931 183
28312.094 0.6321899441340797 179
28425.185 0.6421193181818332 176
28538.793 0.5484589371980806 207
28655.506 0.5890757575757699 198
28783.484 0.7027912087912057 182
28895.935 0.5733265306122604 196
29008.896 0.6202362637362727 182
29121.61 0.6363785310734419 177
29235.091 0.5785867346938881 196
29353.261 0.6709715909090929 176
29479.652 0.6347788944723614 199
29592.584 0.6485689655172342 174
29706.227 0.5138733031674159 221
29818.806 0.6579239766081931 171
29931.984 0.6730773809523877 168
30064.252 0.6676212121212228 198
30176.757 0.6316853932584401 178
30289.852 0.540751196172248 209
30402.976 0.5918638743455417 191
30515.968 0.6070698924731229 186
30631.141 0.6089735449735522 189
30761.257 0.5993087557603821 217
30874.074 0.5811237113402123 194
30986.698 0.5923578947368361 190
31099.262 0.5951798941798824 189
31212.519 0.6580232558139552 172
31329.325 0.6111518324607307 191
31457.181 0.7429709302325644 172
31570.11 0.6375762711864542 177
31683.386 0.48584120171672657 233
31796.613 0.5862746113989723 193
31909.389 0.7000000000000045 161
32027.751 0.5973939393939376 198
32154.421 0.6698465608465543 189
32267.724 0.5242083333333304 216
32380.56 0.7046312500000113 160
32493.551 0.594263157894736 190
32606.744 0.592230366492137 191
32739.071 0.6094562211981586 217
32851.698 0.4872900432900367 231
32964.446 0.651277456647411 173
33077.585 0.5919214659685901 191
33190.694 0.5595495049505063 202
33305.149 0.5988376963350627 191
33436.136 0.6645736040609244 197
33549.076 0.5425961538461567 208
33662.069 0.6681360946745614 169
33774.988 0.7141962025316504 158
33888.352 0.6293722222222035 180
34004.409 0.5917397959183661 196
34133.104 0.6305196078431204 204
34245.881 0.5809072164948637 194
34358.865 0.5645149999999921 200
34472.266 0.596431578947369 190
34585.32 0.610670270270281 185
34702.856 0.6598483146067491 178
34829.558 0.6268861386138315 202
34942.852 0.6186557377049177 183
35055.782 0.6412159090909054 176
35168.33 0.5982393617021521 188
35281.303 0.6800903614457638 166
35413.682 0.7229453551912517 183
35526.17 0.6177197802197563 182
35638.84 0.5803814432989552 194
35751.726 0.5612388059701547 201
35864.925 0.5438509615384925 208
35978.867 0.6056170212765946 188
36109.561 0.853771241830068 153
36222.541 0.5155296803652878 219
36335.41 0.5639650000000256 200
36448.616 0.6215714285714496 182
36561.833 0.6148804347826033 184
36677.754 0.5940820512820396 195
36806.551 0.688374331550815 187
36919.255 0.5262990654205466 214
37031.844 0.5984574468084828 188
37144.857 0.672226190476197 168
37258.156 0.6186939890710657 183
37375.887 0.6002755102040932 196
37502.599 0.6736329787234238 188
37615.474 0.6096216216216154 185
37728.909 0.5724797979798101 198
37841.534 0.7453443708609183 151
37954.788 0.6394011299434975 177
38074.105 0.5651232227488238 211
38200.167 0.5753150684931451 219
38313.187 0.5704090909090853 198
38426.408 0.5685527638190946 199
38539.28 0.5103800904977452 221
38652.636 0.5580197044334898 203
38784.669 0.7019202127659733 188
38897.084 0.5760820512820665 195
39009.641 0.614633879781436 183
39122.671 0.6040160427807536 187
39236.083 0.5933769633507807 191
39352.333 0.6114368421052381 190
39481.126 0.6218502415458848 207
39594.343 0.6017819148936279 188
39707.019 0.6053602150537719 186
39820.258 0.615005434782609 184
39933.307 0.5914659685863936 191
40050.867 0.6910647058823516 170
40177.587 0.7494201183432063 169
40290.905 0.5523804878048661 205
40403.844 0.527401869158851 214
40516.606 0.5808505154639055 194
40629.873 0.5441778846153773 208
40762.219 0.7826449704142001 169
40874.877 0.5261401869158754 214
40987.481 0.5741071428571503 196
41100.111 0.6252888888888669 180
41213.034 0.5816701030927697 194
41327.744 0.6298461538461417 182
41458.449 0.7339157303370923 178
41571.12 0.5336255924170671 211
41684.278 0.5798923076922969 195
41797.149 0.6713869047618919 168
41910.762 0.5882642487046813 193
42026.814 0.7340316455696136 158
42155.201 0.6614381443299131 194
42267.806 0.5922421052631475 190
42380.902 0.6495229885057461 174
42494.27 0.6400451977400745 177
42607.276 0.5508682926829263 205
42725.569 0.576663414634148 205
42852.027 0.6382323232323365 198
42964.975 0.5478737864077718 206
43078.156 0.565515000000014 200
43191.104 0.5878749999999778 192
43304.309 0.6114864864864865 185
43436.6 0.7469661016948932 177
43549.813 0.5657500000000073 200
43662.904 0.5433269230769349 208
43775.689 0.5839844559585248 193
43888.526 0.606220430107515 186
44003.215 0.551004807692292 208
44134.234 0.7195109890109541 182
44246.852 0.6287150837988875 179
44359.447 0.6017005347593779 187
44472.471 0.5203594470045984 217
44585.704 0.6578837209302059 172
44701.829 0.6205828877005298 187
44829.95 0.6847540106951822 187
44942.845 0.5128045454545579 220
45055.823 0.6272222222221899 180
45168.503 0.6434514285714249 175
45281.762 0.5415406698564627 209
45400.371 0.6407081081081226 185
45526.58 0.7126497175141404 177
45638.567 0.6322768361581947 177
45751.428 0.5813608247422662 194
45864.249 0.581154639175289 194
45977.617 0.625917127071809 181
46109.995 0.6360576923077063 208
46222.843 0.5902094240837864 191
46336.036 0.5800769230769126 195
46449.154 0.5767346938775555 196
46561.923 0.5470436893203829 206
46677.458 0.6309125683060227 183
46807.247 0.648585000000021 200
46919.872 0.5210555555555672 216
47032.776 0.6447200000000053 175
47146.09 0.6545375722542965 173
47259.014 0.5939473684210833 190
47376.205 0.7459490445859962 157
47503.77 0.7122793296089363 179
47616.739 0.5759693877550991 196
47729.857 0.5434615384615427 208
47842.828 0.5849430051813483 193
47955.518 0.6743233532933756 167
48074.401 0.7424250000000029 160
48200.329 0.5993190476190302 210
48313.017 0.541403846153851 208
48426.408 0.4905367965368215 231
48539.28 0.606430107526893 186
48652.517 0.639316384180789 177
48784.7 0.8256687499999771 160
48897.501 0.5780923076922847 195
49010.251 0.6259555555555482 180
49123.452 0.5953894736841903 190
49236.207 0.5662211055276376 199
49352.026 0.5816130653266056 199
49481.848 0.6423366336633684 202
49594.775 0.5152876712328682 219
49707.298 0.6898588957055222 163
49820.552 0.628755555555593 180
49933.446 0.5937526315789575 190
50050.801 0.5505915492957654 213
50177.991 0.6024691943127923 211
50290.673 0.5437342995169077 207
50403.856 0.7025341614906843 161
50516.976 0.5949736842105554 190
50630.141 0.6079946236559506 186
50748.531 0.6395351351351662 185
50874.464 0.638898477157348 197
50988.085 0.5381279620852998 211
51101.186 0.5737208121827464 197
51214.438 0.6184426229508356 183
51327.22 0.5931947368421165 190
51459.412 0.7219344262294761 183
51572.172 0.5053273542600983 223
51684.965 0.555246305418702 203
51797.747 0.5579405940594316 202
51910.546 0.6515606936416253 173
52025.522 0.7049018404907829 163
52155.558 0.6987580645161147 186
52268.272 0.5096696832578967 221
52381.485 0.5237731481481576 216
52493.954 0.582336787564746 193
52607.103 0.6279444444444784 180
52724.209 0.5822388059701796 201
52851.747 0.6537025641025722 195
52964.705 0.49292139737991625 229
53078.052 0.5525365853658736 205
53190.864 0.5810257731959 194
53303.939 0.5794615384615146 195
53423.132 0.6654413407821307 179
53548.868 0.6346818181818247 198
53661.709 0.544739130434811 207
53775.066 0.47999576271187405 236
53887.763 0.592736842105277 190
54001.416 0.672041420118326 169
54132.861 0.7258342541436275 181
54246.106 0.5520390243902334 205
54358.823 0.6328089887640417 178
54471.654 0.633443820224743 178
54585.024 0.5839793814432681 194
54700.979 0.6473575418994436 179
54830.197 0.6149952380952267 210
54943.019 0.6160765027322316 183
55056.189 0.5571083743842402 203
55169.424 0.5362890995260627 211
55282.536 0.6533757225433506 173
55400.061 0.6247340425532147 188
55527.068 0.650969230769223 195
55640.726 0.53074766355141 214
55753.578 0.633573033707854 178
55866.867 0.5522390243902209 205
55979.919 0.6311508379888402 179
56099.253 0.6481413043477954 184
56224.664 0.5857102803738173 214
56337.29 0.568424242424255 198
56450.441 0.5889218749999827 192
56563.637 0.5985238095238052 189
56676.954 0.6545606936416266 173
56808.393 0.7062849462365526 186
56921.199 0.5292394366197314 213
57034.12 0.6002234042553415 188
57147.024 0.6233646408839664 181
57260.034 0.5943842105263014 190
57376.267 0.52558371040725 221
57505.705 0.6634256410256524 195
57618.791 0.5459323671497311 207
57732.09 0.5009911504424545 226
57845.122 0.66836094674557 169
57958.004 0.6674852071005934 169
58075.595 0.567589371980685 207
58202.14 0.7026444444444577 180
58314.869 0.6257666666666611 180
58427.684 0.6710357142857382 168
58540.445 0.6330505617977374 178
58653.692 0.5338113207547411 212
58773.291 0.6192797927461173 193
58898.455 0.7446071428571702 168
59011.161 0.5237395348837179 215
59124.05 0.5423605769230841 208
59237.414 0.5664300000000003 200
59351.854 0.601899999999985 190
59482.7 0.6111214953270974 214
59595.898 0.6319664804469443 179
59708.911 0.5675075376884477 199
59821.747 0.6062258064516217 186
59935.354 0.6378033707865296 178
60051.031 0.6214838709677688 186
60179.765 0.7704431137724373 167
60292.265 0.5510882352941111 204
