442.495 0.68815770609319 279
586.874 0.2560364963503651 548
729.184 0.4064171428571428 350
851.492 0.4347437722419929 281
965.093 0.41585714285714287 273
1089.702 0.5124855967078189 243
1196.694 0.5140817307692301 208
1302.947 0.5530156249999992 192
1414.68 0.544673170731708 205
1532.471 0.5400229357798161 218
1638.739 0.5205539215686273 204
1747.39 0.6204342857142858 175
1868.465 0.7289698795180724 166
1974.816 0.5312800000000004 200
2081.238 0.5656755319148923 188
2204.533 0.6770439560439547 182
2311.278 0.5127788461538457 208
2417.658 0.5972078651685386 178
2541.04 0.6888770949720656 179
2647.249 0.5333618090452245 199
2753.405 0.544015384615385 195
2864.145 0.6287727272727259 176
2982.568 0.566320574162681 209
3088.957 0.5809562841530057 183
3196.185 0.6697062499999987 160
3318.536 0.6869719101123593 178
3424.704 0.6508895705521488 163
3530.716 0.5852817679557994 181
3654.359 0.7101666666666664 174
3760.524 0.5200735294117638 204
3866.751 0.5676631016042794 187
3978.582 0.6208722222222226 180
4096.574 0.5657259615384607 208
4202.787 0.5996440677966137 177
4311.423 0.5997900552486182 181
4432.39 0.7070233918128699 171
4538.935 0.4952093023255826 215
4645.583 0.4613506493506459 231
4768.959 0.6489526315789446 190
4875.468 0.5092775119617196 209
4981.749 0.5649255319148944 188
5105.359 0.6901396648044735 179
5211.574 0.6675660377358492 159
5317.772 0.6169941860465092 172
5427.926 0.6837267080745394 161
5546.82 0.6093948717948688 195
5653.061 0.5707795698924729 186
5760.234 0.5696755319148945 188
5882.784 0.6692786885245905 183
5989.055 0.65152147239264 163
6095.563 0.532165 200
6207.708 0.650994186046509 172
6330.938 0.6516613756613744 189
6439.413 0.5735714285714272 189
6547.768 0.5821559139784943 186
6656.081 0.6185085714285742 175
6764.272 0.581268817204301 186
6876.4 0.643977011494251 174
6998.672 0.7104999999999955 172
7107.032 0.6187942857142843 175
7215.549 0.6267225433525998 173
7323.658 0.639272189349114 169
7431.691 0.6663148148148161 162
7544.933 0.574436548223349 197
7665.944 0.6399259259259302 189
7774.404 0.5615854922279815 193
7882.665 0.5694052631578942 190
7990.785 0.577780748663102 187
8098.881 0.5776470588235317 187
8225.308 0.7565808383233597 167
8333.499 0.5197932692307702 208
8441.859 0.5610621761658023 193
8550.135 0.5252378640776725 206
8658.645 0.4653819742489318 233
8769.179 0.5362087378640813 206
8893.537 0.6791639344262309 183
9001.814 0.49410045662100704 219
9110.081 0.5977458563535962 181
9218.667 0.534536945812801 203
9326.862 0.614329545454542 176
9438.191 0.7224285714285767 154
9561.306 0.6874189944134116 179
9669.418 0.5808817204301068 186
9777.701 0.5330492610837385 203
9886.334 0.5538673469387801 196
9994.783 0.622827586206893 174
10107.355 0.6540523255813918 172
10229.121 0.6954457142857116 175
10337.704 0.4954840182648421 219
10446.052 0.4666939655172381 232
10554.332 0.6218678160919536 174
10662.6 0.614732954545461 176
10776.497 0.643067796610161 177
10897.278 0.6977687861271673 173
11005.716 0.6192228571428547 175
11113.774 0.6241907514450795 173
11222.073 0.5818494623655922 186
11330.244 0.6072921348314604 178
11456.81 0.691207650273224 183
11565.14 0.4966009174311927 218
11673.399 0.5816290322580596 186
11781.522 0.5904153005464496 183
11889.719 0.6360058823529364 170
11998.693 0.6294797687861251 173
12124.31 0.6822989130434765 184
12232.472 0.5221787439613543 207
12340.702 0.5199759615384559 208
12449.004 0.640402366863911 169
12557.199 0.6473473053892214 167
12667.736 0.581357894736845 190
12791.74 0.6885388888888884 180
12900.1 0.5414649999999983 200
13008.706 0.4781189427312751 227
13117.474 0.5126981132075515 212
13225.552 0.5806612903225742 186
13338.266 0.5214768518518482 216
13460.484 0.584464114832537 209
13569.031 0.499880184331798 217
13677.331 0.6480658682634777 167
13785.537 0.6286511627907012 172
13893.584 0.6241156069364253 173
14007.651 0.5937083333333343 192
14128.06 0.6108883248730931 197
14236.194 0.5121327014217986 211
14344.467 0.5755212765957464 188
14452.585 0.6209425287356314 174
14561.261 0.5902228260869596 184
14687.528 0.6858369565217365 184
14795.934 0.5471515151515117 198
14904.208 0.5518877551020411 196
15012.649 0.5135829383886256 211
15120.884 0.5942912087912091 182
15231.728 0.6329657142857052 175
15355.914 0.7344319526627254 169
15463.882 0.5315123152709311 203
15572.035 0.6140795454545427 176
15680.528 0.5892282608695634 184
15788.801 0.5520459183673424 196
15900.636 0.5790725388601058 193
16023.297 0.6385260416666654 192
16131.681 0.5918907103825175 183
16240.217 0.6533734939759093 166
16348.471 0.6077584269662847 178
16456.605 0.5937307692307653 182
16569.396 0.6515375722543373 173
16690.861 0.6491925133689906 187
16799.362 0.5829354838709649 186
16907.674 0.6366941176470444 170
17015.822 0.5430753768844226 199
17124.105 0.6011666666666619 180
17237.954 0.6285856353591229 181
17358.679 0.674072625698322 179
17466.703 0.5564329896907233 194
17574.947 0.5753670212766048 188
17683.168 0.6040837988826884 179
17791.746 0.58648108108108 185
17918.011 0.6009190476190442 210
18026.399 0.5526377551020548 196
18134.873 0.5236618357487973 207
18243.024 0.5514081632653108 196
18351.259 0.5814139784946043 186
18461.964 0.5504029850746329 201
18585.583 0.6941067415730308 178
18693.793 0.5545538461538597 195
18802.192 0.5498781725888188 197
18910.728 0.5992320441988913 181
19018.698 0.642238095238099 168
19130.689 0.6287415730336935 178
19253.103 0.7196999999999902 170
19361.233 0.6105084745762785 177
19469.787 0.5478737373737341 198
19577.833 0.6065842696629098 178
19686.079 0.6216724137931154 174
19799.875 0.614702702702709 185
19920.841 0.6606721311475523 183
20029.076 0.563338541666667 192
20137.34 0.6182285714285639 175
20246.131 0.5435800000000017 200
20354.328 0.624994219653178 173
20480.967 0.744488235294129 170
20589.047 0.5902076502732131 183
20697.264 0.5380199004975116 201
20805.512 0.5878913043478188 184
20913.647 0.5541538461538529 195
21022.937 0.5543908629441632 197
21148.59 0.640719387755112 196
21257.123 0.5116084905660345 212
21365.375 0.5879184782608678 184
21473.645 0.6044413407821213 179
21582.022 0.6260231213872813 173
21692.86 0.601978260869561 184
21816.447 0.6786868131868167 182
21924.831 0.5109245283018816 212
22033.041 0.5379800995024967 201
22141.67 0.6030777777777581 180
22249.557 0.7092960526315916 152
22361.684 0.5866596858638726 191
22484.175 0.6653641304347808 184
22592.327 0.532428571428583 203
22700.826 0.6531626506024053 166
22809.067 0.5909999999999914 183
22917.445 0.5442110552763763 199
23030.994 0.5702211055276298 199
23152.006 0.6755977653631324 179
23260.315 0.5579072164948473 194
23368.614 0.5607409326424962 193
23476.819 0.5602435233160643 193
23585.061 0.7069738562091586 153
23711.858 0.6531958762886658 194
23819.939 0.5567525773195794 194
23928.188 0.5911147540983556 183
24036.462 0.5848594594594623 185
24144.561 0.596817679558018 181
24253.665 0.7417006802721257 147
24379.01 0.7077683615819086 177
24487.23 0.5631614583333354 192
24595.415 0.5940109890109923 182
24703.472 0.6584390243902463 164
24811.494 0.6919679487179494 156
24922.015 0.6135944444444451 180
25046.263 0.6823131868131895 182
25154.464 0.5813548387096851 186
25262.684 0.5877445652173937 184
25371.075 0.6119548022599013 177
25479.528 0.6228678160919378 174
25590.894 0.570733333333341 195
25713.999 0.6031274509803944 204
25822.356 0.618800000000005 175
25930.414 0.5653455497382187 191
26038.896 0.6302674418604596 172
26147.26 0.5496852791878012 197
26259.733 0.6175824175824256 182
26381.268 0.7887662337662413 154
26489.929 0.5775957446808496 188
26598.224 0.5521479591836619 196
26706.289 0.571380952380962 189
26814.494 0.5751595744680712 188
26940.747 0.6894972677595622 183
27048.992 0.6181371428571375 175
27157.008 0.6030223463687292 179
27265.391 0.5442613065326678 199
27374.033 0.5868486486486437 185
27482.369 0.7518194444444362 144
27608.236 0.7356315789473771 171
27716.513 0.6183199999999903 175
27824.494 0.6201436781609129 174
27932.676 0.639597633136098 169
28040.839 0.5571288659793748 194
28150.977 0.5558686868686772 198
28275.389 0.644036269430047 193
28383.625 0.49845161290322887 217
28491.866 0.5943131868131916 182
28600.17 0.5979502762430904 181
28708.65 0.5797112299465383 187
28820.222 0.5573550000000068 200
28942.97 0.5955485436893247 206
29051.257 0.510462264150947 212
29159.679 0.6191314285714388 175
29267.868 0.6473892215568728 167
29376.187 0.6185428571428722 175
29489.468 0.6432159090909202 176
29610.231 0.7404846625766903 163
29718.69 0.5558205128205046 195
29826.861 0.6321461988304186 171
29934.957 0.6627116564417006 163
30043.024 0.593368131868144 182
30169.56 0.8053630573248582 157
30277.79 0.6076292134831429 178
30386.1 0.5579123711340048 194
30494.179 0.580661290322584 186
30602.227 0.6877197452229168 157
30711.256 0.5921413043478345 184
30836.839 0.7383058823529342 170
30945.103 0.5754840425531856 188
31053.44 0.5981270718231967 181
31161.815 0.6260115606936374 173
31269.927 0.6035642458100585 179
31380.402 0.6237288135593096 177
31504.992 0.6074195121951074 205
31613.292 0.5756968085106371 188
31721.514 0.5814301075268852 186
31829.964 0.5557692307692308 195
31938.397 0.5472575757575756 198
32050.041 0.6886913580246871 162
32172.947 0.611149253731345 201
32281.283 0.5552102564102545 195
32389.91 0.6238620689655154 174
32498.224 0.5882499999999867 184
32606.442 0.590945355191257 183
32719.576 0.6178087431694049 183
32840.897 0.5587834101382377 217
32949.381 0.5340443349753697 203
33057.525 0.565727748691119 191
33165.773 0.5784385026737853 187
33274.071 0.6558787878787949 165
33400.593 0.702483333333334 180
33509.053 0.46518454935621895 233
33617.334 0.5755638297872637 188
33725.607 0.5755212765957657 188
33833.882 0.5577319587628716 194
33943.552 0.5535050505050737 198
34068.468 0.7216531791907383 173
34176.575 0.5968784530386532 181
34284.724 0.6630061349693234 163
34392.99 0.697993548387087 155
34500.954 0.7005714285714222 154
34611.434 0.6494294117646966 170
34735.44 0.6809835164835482 182
34843.608 0.5459444444444523 198
34951.789 0.5630468749999787 192
35060.185 0.5701105263157699 190
35168.481 0.5465606060605925 198
35280.156 0.6931614906832421 161
35402.621 0.7329101796407224 167
35510.804 0.5325615763546468 203
35619.335 0.6417396449704018 169
35727.793 0.5795828877005229 187
35836.231 0.5285951219512244 205
35949.888 0.6139567567567684 185
36070.937 0.6268601036269261 193
36179.256 0.6481556886227448 167
36287.717 0.5988176795580034 181
36395.947 0.6215804597701082 174
36504.13 0.5812311827956814 186
36630.67 0.6291691542288363 201
36738.872 0.5352920792079249 202
36847.223 0.5852594594594651 185
36955.581 0.5524642857142643 196
37063.665 0.5870000000000088 184
37173.307 0.6190169491525361 177
37298.3 0.7057740112994686 177
37406.439 0.5323399014778082 203
37514.704 0.5754734042553111 188
37623.285 0.5651302083333576 192
37731.541 0.6890509554139927 157
37842.561 0.6564792899408267 169
37965.894 0.6042303921568579 204
38074.131 0.600911111111135 180
38182.022 0.6695652173912773 161
38290.567 0.6162670454545647 176
38398.66 0.6751000000000204 160
38510.386 0.6307740112994192 177
38632.994 0.7002285714285764 175
38741.278 0.6183542857142831 175
38849.955 0.5246425120773062 207
38958.133 0.6107457627118585 177
39066.321 0.6107966101695165 177
39179.666 0.6122540540540531 185
39300.886 0.6245103092783445 194
39409.374 0.5212211538461745 208
39517.587 0.7457724137931203 145
39625.868 0.563562500000027 192
39734.11 0.5276341463414677 205
39860.714 0.6876521739130349 184
39968.962 0.5078685446009366 213
40077.332 0.5469292929292994 198
40185.703 0.5729841269841359 189
40293.728 0.6133465909090939 176
40402.963 0.5485276381909875 199
40528.661 0.668218085106383 188
40636.839 0.5719894179894167 189
40745.148 0.5882228260869574 184
40853.533 0.5497918781725945 197
40961.9 0.5282536585365916 205
41073.035 0.5970860215054008 186
41196.663 0.6572340425531791 188
41304.931 0.5912459016393261 183
41413.355 0.555630769230797 195
41521.953 0.6062625698324058 179
41630.13 0.5689578947368366 190
41741.824 0.6132857142857264 182
41864.563 0.7258757396449852 169
41972.531 0.6579085365853932 164
42081.059 0.6232816091954076 174
42189.041 0.6829556962025268 158
42297.048 0.5621354166666682 192
42409.709 0.712544303797482 158
42531.249 0.6530913978494937 186
42639.827 0.550781725888329 197
42748.124 0.5437035175879403 199
42856.296 0.5689368421052916 190
42964.543 0.6111242937852792 177
43090.99 0.6256039603960186 202
43199.577 0.6128587570621192 177
43307.851 0.5605647668394081 193
43416.015 0.6106553672316551 177
43524.222 0.6109152542373167 177
43633.374 0.5218947368421097 209
43758.948 0.6570785340313776 191
43867.127 0.578101604278092 187
43975.323 0.5908196721311221 183
44083.468 0.6630122699386721 163
44191.652 0.6177771428571681 175
44302.084 0.630605714285713 175
44426.387 0.730800000000026 170
44534.425 0.5965027624309623 181
44642.837 0.5701999999999795 190
44750.99 0.6590060975609604 164
44859.517 0.5677120418848024 191
44970.834 0.5590100502512674 199
45093.876 0.7933741935483751 155
45201.856 0.6347705882352944 170
45310.217 0.5639791666666648 192
45418.753 0.6305872093023005 172
45527.152 0.5416200000000027 200
45639.537 0.5672323232323135 198
45761.574 0.7575962732919139 161
45869.746 0.6039106145251315 179
45978.181 0.6191999999999618 175
46086.336 0.6038044692737742 179
46194.656 0.5229130434782715 207
46308.388 0.601354497354473 189
46429.323 0.6569021739130182 184
46537.513 0.6040055865921696 179
46645.685 0.581166666666636 186
46753.866 0.5781069518716565 187
46862.035 0.6212356321839148 174
46988.633 0.7398947368421315 171
47096.888 0.6077752808988827 178
47205.219 0.5306617647058696 204
47313.388 0.6358470588235137 170
47421.625 0.6438273809523837 168
47530.993 0.5939836956522018 184
47656.871 0.6516373056994611 193
47765.168 0.5203173076922842 208
47873.49 0.585102702702696 185
47981.655 0.6004999999999806 180
48090.187 0.5395721393034721 201
48201.036 0.6086593406593298 182
48324.703 0.6574468085106305 188
48432.855 0.6972387096774201 155
48541.156 0.6639263803681053 163
48649.329 0.6321520467836148 171
48757.696 0.6188057142857413 175
48869.357 0.6031675675675836 185
48991.546 0.7141754385965113 171
49099.696 0.6590182926829584 164
49208.231 0.6573454545454517 165
49316.565 0.5229903381642776 207
49424.872 0.5331625615763724 203
49538.46 0.559177339901473 203
49659.521 0.6080301507537668 199
49767.841 0.6257052023121562 173
49876.09 0.5491065989847669 197
49984.227 0.6174914285714372 175
50092.572 0.5884239130434609 184
50219.098 0.8374172185430271 151
50327.381 0.527873170731707 205
50435.649 0.5103490566037541 212
50544.053 0.5471161616161511 198
50652.394 0.6151534090909081 176
50762.302 0.6864562500000375 160
50887.074 0.6266432160803894 199
50995.391 0.49655045871562786 218
51103.586 0.517320574162692 209
51211.851 0.6182342857142794 175
51320.016 0.6248150289017385 173
51431.703 0.5783005181347202 193
51554.452 0.7435454545454404 165
51662.973 0.5505177664974492 197
51771.54 0.6380588235294186 170
51879.413 0.6573109756097504 164
51987.523 0.6244797687861473 173
52100.227 0.6625294117646905 170
52221.656 0.6387578947368494 190
52330.162 0.5560615384615047 195
52438.268 0.5935714285714222 182
52546.199 0.6382011834319513 169
52654.321 0.5936483516483609 182
52780.924 0.7029333333333246 180
52889.255 0.6082022471909818 178
52997.563 0.5946813186813386 182
53105.87 0.5787807486631209 187
53214.039 0.6551212121211751 165
53322.252 0.5661623036649343 191
53448.904 0.7274482758620743 174
53557.431 0.534197044334953 203
53665.42 0.6166171428571189 175
53773.823 0.5085821596243852 213
53882.05 0.5546307692307985 195
53992.496 0.6454444444444397 171
54116.889 0.6343214285714529 196
54225.023 0.5841297297297215 185
54333.182 0.6472155688622703 167
54441.485 0.608022471910128 178
54549.952 0.6229482758620483 174
54661.113 0.6037282608695418 184
54784.239 0.8149602649006695 151
54892.512 0.5725079365079639 189
55000.72 0.5876739130434663 184
55109.467 0.6071061452513892 179
55217.993 0.5505126903553347 197
55330.27 0.6375113636363494 176
55452.432 0.6229438775510284 196
55560.6 0.5939395604395691 182
55669.197 0.5711736842105318 190
55777.507 0.6442499999999806 168
55885.676 0.5842918918918775 185
55999.04 0.6090806451613134 186
56120.149 0.6112575757575505 198
56228.651 0.5767446808510632 188
56336.913 0.5176411483253497 209
56445.032 0.5936593406593522 182
56552.92 0.6268197674418293 172
56679.217 0.7556706586826354 167
56787.584 0.5387860696517517 201
56895.943 0.48558295964123865 223
57004.036 0.6391656804733742 169
57112.276 0.5910601092896013 183
57221.139 0.572573684210549 190
57347.173 0.6959171270718396 181
57455.332 0.5514744897959181 196
57563.448 0.5839999999999654 185
57671.843 0.5761808510638304 188
57780.057 0.5691578947368391 190
57890.695 0.6176703910614633 179
58014.589 0.7414790419161527 167
58122.896 0.575723404255304 188
58230.944 0.6065842696629302 178
58339.575 0.5624611398963746 193
58447.773 0.5516632653061421 196
58559.696 0.6111967213114863 183
58682.217 0.7466219512194895 164
58790.373 0.5146761904762007 210
58899.003 0.5373960396039428 202
59007.066 0.6833417721519035 158
59115.215 0.5970939226518964 181
59228.385 0.7539666666666744 150
59349.431 0.6952988505746915 174
59457.923 0.5706263157894825 190
59566.266 0.5668481675392862 191
59674.558 0.6183714285714086 175
59782.719 0.5906338797813973 183
59896.974 0.6562011494253087 174
60017.923 0.7110647058823601 170
60126.315 0.6119548022598807 177
60234.072 0.7084407894736662 152
60342.375 0.676431249999996 160
